1877	154.22	148.78	873	116.54	183.76	-14.4277
2255	125.8	183.76	381	147.04	148.78	-15.71
2528	119.49	247.22	1762	116.54	140.24	-113.494
3160	122.58	348.07	5162	113.75	175.22	-31.3963
1287	150.66	229.57	1035	119.49	157.57	-14.0946
1940	154.22	204.07	635	119.49	157.57	-17.7857
2778	129.15	13.57	4714	113.75	183.76	12.9767
1612	143.4	212.24	1038	125.8	148.78	-14.8117
984	113.75	212.24	1690	139.76	148.78	-13.3733
2306	122.58	204.07	4023	139.76	103.22	92.2017
848	119.49	220.78	1759	136.15	140.24	-17.1121
3918	132.61	247.22	2535	122.58	148.78	85.48
1262	139.76	31.22	2301	122.58	183.76	-237.687
1663	116.54	183.76	958	164.36	85.57	-223.9
4942	136.15	212.24	1185	129.15	148.78	102.528
941	139.76	212.24	1869	122.58	157.57	-13.2022
2371	129.15	183.76	530	136.15	157.57	-11.4473
1426	139.76	229.57	1839	164.36	111.76	-288.736
722	129.15	212.24	2263	125.8	140.24	-31.5818
911	139.76	238.43	1975	125.8	157.57	-14.7396
2191	113.75	247.22	2126	116.54	132.07	-135.234
1937	132.61	175.22	950	161.09	140.24	-86.1604
2185	129.15	204.07	612	150.66	119.93	-15.0035
2602	143.4	220.78	460	116.54	148.78	-44.4032
328	161.09	255.76	2440	122.58	175.22	-10.443
815	132.61	204.07	1914	125.8	148.78	-12.5374
1433	157.71	247.22	638	116.54	157.57	-34.1722
915	139.76	263.93	2041	122.58	157.57	-190.053
1642	122.58	204.07	927	119.49	132.07	-215.99
4085	136.15	212.24	1615	132.61	148.78	133.235
1038	139.76	229.57	1413	122.58	148.78	-12.4294
2911	113.75	220.78	1328	147.04	111.76	-109.026
4765	139.76	220.78	1457	122.58	148.78	100.573
3011	132.61	247.22	2725	129.15	148.78	127.576
1244	139.76	204.07	1450	116.54	148.78	-12.6804
1412	136.15	255.76	1369	119.49	175.22	-215.761
2472	136.15	263.93	1564	132.61	132.07	-206.939
832	119.49	204.07	2190	139.76	157.57	-13.1646
944	150.66	238.43	1840	122.58	157.57	-11.9419
1926	136.15	204.07	731	154.22	119.93	-15.3702
3400	129.15	220.78	306	161.09	119.93	-93.4408
1715	136.15	220.78	1007	125.8	157.57	-13.1475
1333	119.49	204.07	1464	143.4	132.07	-10.4492
682	122.58	204.07	1935	139.76	148.78	-11.5623
1952	125.8	191.93	670	132.61	103.22	-18.5899
1412	122.58	204.07	1506	139.76	111.76	-32.4759
320	147.04	284.24	2234	136.15	148.78	-244.499
1011	139.76	204.07	1640	119.49	148.78	-15.0126
102	119.49	319.22	1872	136.15	157.57	-194.635
810	125.8	212.24	551	147.04	119.93	-159.098
2414	136.15	191.93	241	164.36	119.93	-13.6749
1415	132.61	191.93	1261	143.4	119.93	-162.026
1933	147.04	220.78	1175	116.54	148.78	-31.1752
3157	154.22	276.07	2674	116.54	166.43	106.583
2017	129.15	212.24	824	132.61	157.57	-13.8767
1679	132.61	220.78	880	129.15	148.78	-15.4024
2486	122.58	191.93	265	122.58	103.22	-13.0799
440	113.75	348.07	3936	119.49	175.22	-119.1
752	132.61	238.43	2044	129.15	148.78	-14.0649
1389	136.15	212.24	1343	122.58	148.78	-13.0176
1951	119.49	191.93	822	143.4	140.24	-14.5762
533	143.4	212.24	2035	125.8	157.57	-19.0905
4636	116.54	212.24	1470	150.66	132.07	95.7091
1695	136.15	204.07	341	139.76	85.57	-174.771
1294	132.61	229.57	1610	125.8	157.57	-11.8708
1613	116.54	212.24	1216	139.76	148.78	-11.5997
1622	139.76	220.78	1339	122.58	157.57	-10.3792
1348	147.04	220.78	1245	119.49	157.57	-9.62495
537	132.61	238.43	2187	129.15	157.57	-13.0006
3611	157.71	247.22	2174	119.49	175.22	126.794
157	113.75	220.78	2537	139.76	157.57	-15.8437
475	147.04	4.78	2195	119.49	183.76	-184.346
890	143.4	212.24	1756	122.58	148.78	-18.5894
2224	136.15	157.57	249	129.15	191.93	-14.8829
938	143.4	212.24	1849	125.8	148.78	-16.1105
1159	113.75	220.78	1563	147.04	148.78	-15.1973
110	139.76	356.24	1204	122.58	157.57	-178.071
2441	129.15	204.07	715	129.15	140.24	-35.5451
1767	147.04	140.24	842	116.54	191.93	-11.1131
1390	129.15	238.43	411	164.36	119.93	-209.514
1576	157.71	220.78	1039	116.54	175.22	-11.4601
2564	132.61	220.78	3356	154.22	119.93	109.125
21	125.8	212.24	1989	122.58	166.43	-184.619
2073	136.15	204.07	400	139.76	148.78	-177.703
882	125.8	4.78	871	129.15	175.22	-234.109
899	161.09	255.76	1845	119.49	157.57	-20.8952
2161	122.58	183.76	484	147.04	148.78	-13.8877
868	122.58	220.78	2228	157.71	132.07	-261.926
1229	136.15	212.24	1577	129.15	140.24	-16.2453
1794	129.15	263.93	683	136.15	166.43	-285.335
1757	132.61	220.78	834	129.15	157.57	-14.8964
816	139.76	301.57	1224	129.15	157.57	-198.775
416	119.49	255.76	2612	129.15	157.57	-33.4486
1367	139.76	335.93	4480	122.58	175.22	127.228
792	132.61	238.43	1895	132.61	157.57	-13.8656
783	116.54	220.78	2035	136.15	157.57	-12.3516
498	129.15	212.24	2095	139.76	157.57	-15.9429
1516	116.54	175.22	881	157.71	157.57	-9.30711
2172	116.54	191.93	686	150.66	175.22	-15.3527
3378	122.58	191.93	222	129.15	103.22	-67.8799
1257	154.22	204.07	4940	116.54	157.57	94.8155
1231	132.61	212.24	1489	125.8	140.24	-15.7487
1679	136.15	212.24	988	125.8	148.78	-12.498
2719	132.61	247.22	3211	125.8	148.78	124.471
3576	119.49	191.93	2659	139.76	68.24	92.3406
852	147.04	204.07	1671	122.58	166.43	-1.18411
2035	143.4	229.57	1098	116.54	157.57	-31.9118
1421	136.15	212.24	1434	119.49	148.78	-12.9412
1619	143.4	220.78	1161	122.58	157.57	-13.0285
1254	119.49	212.24	1544	136.15	140.24	-12.2452
2531	122.58	191.93	308	125.8	103.22	-13.1843
2993	129.15	212.24	3365	161.09	111.76	94.0713
745	139.76	204.07	1909	125.8	157.57	-7.43814
592	119.49	212.24	2828	147.04	148.78	-271.857
869	129.15	204.07	1909	136.15	140.24	-14.084
184	116.54	263.93	4957	113.75	140.24	-194.106
976	161.09	247.22	1543	122.58	166.43	-14.738
259	113.75	31.22	3787	125.8	183.76	-87.1852
832	143.4	247.22	860	113.75	183.76	-193.664
1435	125.8	229.57	1364	139.76	148.78	-14.4856
1632	119.49	212.24	1218	136.15	148.78	-12.6439
889	113.75	238.43	731	132.61	175.22	-172.819
1042	136.15	212.24	1699	125.8	148.78	-15.6297
2149	122.58	191.93	424	154.22	85.57	-141.517
1140	139.76	204.07	2139	125.8	157.57	-252.488
758	136.15	204.07	2093	132.61	148.78	-15.9554
308	119.49	319.22	3038	129.15	157.57	-267.913
3334	122.58	191.93	2623	139.76	76.78	119.902
1931	113.75	166.43	794	154.22	191.93	-13.8283
1276	143.4	301.57	629	125.8	183.76	-211.441
472	122.58	335.93	773	113.75	204.07	-273.21
1433	129.15	238.43	954	164.36	111.76	-282.565
2069	129.15	229.57	814	132.61	148.78	-200.196
1028	119.49	229.57	1585	122.58	175.22	-187.506
309	129.15	238.43	2324	129.15	157.57	-14.042
3232	122.58	255.76	2920	129.15	148.78	89.7455
1283	139.76	220.78	1560	122.58	148.78	-12.1441
1352	132.61	191.93	358	116.54	140.24	-176.886
4370	143.4	220.78	1459	125.8	148.78	111.085
1377	122.58	212.24	1493	132.61	140.24	-13.286
945	132.61	255.76	1469	129.15	148.78	-186.703
852	132.61	238.43	1910	125.8	157.57	-14.9558
1229	125.8	220.78	1554	129.15	148.78	-11.9738
1134	129.15	220.78	1495	129.15	148.78	-10.5119
1290	132.61	204.07	1172	136.15	148.78	1.11327
1099	147.04	263.93	701	122.58	148.78	-185.482
1858	136.15	212.24	1057	119.49	132.07	-12.8028
2307	122.58	204.07	411	147.04	76.78	-187.754
953	122.58	229.57	1869	132.61	148.78	-12.7905
973	125.8	175.22	1034	119.49	111.76	-164.544
3192	113.75	229.57	2709	139.76	140.24	122.843
1318	139.76	247.22	523	147.04	157.57	-218.348
1169	150.66	204.07	1540	113.75	157.57	-13.9175
3079	143.4	204.07	3025	122.58	103.22	122.158
1922	136.15	204.07	766	125.8	148.78	-13.479
2342	125.8	183.76	393	122.58	85.57	-16.1829
5460	147.04	204.07	695	119.49	148.78	82.0435
2640	125.8	183.76	159	136.15	103.22	-237.42
2508	143.4	13.57	4141	113.75	183.76	64.4646
1721	143.4	204.07	843	132.61	157.57	-191.433
1057	125.8	238.43	1494	125.8	140.24	-184.688
3344	122.58	220.78	2440	132.61	140.24	133.183
1894	113.75	204.07	1111	139.76	140.24	-20.5653
3087	132.61	220.78	633	116.54	132.07	-81.51
558	132.61	204.07	1813	147.04	191.93	-178.494
1426	136.15	220.78	1353	129.15	148.78	-15.5975
527	136.15	47.93	1266	122.58	166.43	-185.615
1182	132.61	132.07	1911	147.04	76.78	-186.68
2636	113.75	238.43	3294	136.15	148.78	123.492
1507	136.15	212.24	1402	119.49	140.24	-11.8531
391	113.75	301.57	2075	122.58	175.22	-185.196
1130	122.58	212.24	1573	132.61	140.24	-9.82561
3865	125.8	191.93	1917	147.04	85.57	138.848
399	129.15	220.78	1844	164.36	103.22	-246.232
1006	136.15	212.24	693	154.22	166.43	-183.414
832	132.61	204.07	1850	129.15	148.78	-12.8757
47	122.58	229.57	3968	132.61	157.57	-96.3617
1030	157.71	212.24	1541	113.75	166.43	-13.1492
2362	122.58	183.76	425	113.75	103.22	-6.60797
1690	119.49	238.43	1310	122.58	132.07	-195.684
2866	136.15	220.78	438	125.8	140.24	-219.902
1511	154.22	132.07	1314	113.75	191.93	-12.8342
1019	129.15	212.24	1733	129.15	148.78	-11.9992
864	139.76	335.93	997	125.8	183.76	-222.561
1107	136.15	212.24	1638	122.58	148.78	-13.2572
2646	136.15	356.24	4171	113.75	175.22	42.6304
1530	122.58	191.93	1149	125.8	111.76	-14.6711
1040	113.75	238.43	329	132.61	148.78	-177.061
2179	122.58	191.93	550	143.4	157.57	-12.3847
920	119.49	220.78	1926	136.15	148.78	-14.2395
758	147.04	212.24	1773	125.8	148.78	-16.6061
1510	125.8	204.07	1152	129.15	132.07	-12.9121
3228	119.49	238.43	2769	132.61	140.24	111.712
989	136.15	132.07	694	125.8	157.57	-168.021
1671	136.15	212.24	806	113.75	140.24	-12.1474
1190	136.15	229.57	1465	129.15	157.57	-15.0518
1684	139.76	132.07	1232	119.49	191.93	-10.8382
4002	119.49	204.07	3284	161.09	76.78	25.9654
1494	139.76	220.78	1174	122.58	157.57	-12.8162
1087	136.15	220.78	1708	129.15	148.78	-15.1122
1957	125.8	204.07	960	164.36	119.93	-189.805
2499	136.15	229.57	991	113.75	140.24	-66.3429
2229	129.15	175.22	511	139.76	191.93	-9.86996
3009	132.61	238.43	2958	119.49	140.24	124.657
1876	161.09	140.24	1119	129.15	191.93	-237.336
997	150.66	212.24	1545	116.54	166.43	-14.4406
2260	116.54	204.07	930	125.8	148.78	-213.338
1045	147.04	229.57	1426	129.15	175.22	-166.989
1208	132.61	204.07	1614	125.8	140.24	-15.548
1248	113.75	229.57	1084	119.49	140.24	-188.223
415	122.58	220.78	641	147.04	157.57	-135.942
1743	139.76	220.78	1058	122.58	157.57	-13.4515
1214	122.58	229.57	2590	119.49	132.07	-83.8521
2162	122.58	183.76	729	147.04	148.78	-15.2111
2767	119.49	191.93	2854	119.49	76.78	131.815
3055	125.8	238.43	2614	136.15	148.78	129.453
2858	157.71	31.22	3594	113.75	183.76	93.4364
367	122.58	13.57	2554	116.54	175.22	-200.593
788	143.4	204.07	1898	122.58	148.78	-15.1589
1618	122.58	183.76	3874	116.54	119.93	127.237
499	136.15	255.76	2223	129.15	157.57	-20.012
907	139.76	157.57	737	119.49	175.22	-141.467
599	116.54	229.57	2263	136.15	157.57	-12.5139
527	132.61	204.07	2111	139.76	148.78	-15.4246
1025	113.75	204.07	238	150.66	111.76	-223.242
1517	116.54	191.93	1184	113.75	119.93	-14.1465
1441	119.49	212.24	1333	143.4	148.78	-13.202
623	157.71	247.22	2657	119.49	157.57	-284.373
1895	132.61	204.07	983	129.15	140.24	-12.2854
1294	125.8	204.07	1238	136.15	119.93	-19.2198
841	136.15	204.07	891	116.54	191.93	-166.239
3358	122.58	229.57	572	161.09	111.76	-132.66
1199	129.15	204.07	1552	132.61	132.07	-14.7957
1115	154.22	204.07	1711	113.75	166.43	-14.2173
1434	125.8	183.76	715	150.66	140.24	-131.72
6625	125.8	212.24	848	129.15	132.07	22.4559
4489	122.58	191.93	1258	143.4	148.78	130
1787	132.61	204.07	700	132.61	140.24	-14.756
766	116.54	13.57	5023	132.61	183.76	113.179
3165	113.75	204.07	813	139.76	103.22	-91.8165
2144	136.15	204.07	577	116.54	132.07	-14.7606
1362	116.54	191.93	1343	122.58	111.76	-17.7391
1109	116.54	238.43	1753	122.58	148.78	-189.105
1294	161.09	132.07	1240	113.75	183.76	-11.5257
2255	122.58	183.76	410	122.58	76.78	-18.7147
1783	157.71	204.07	977	116.54	166.43	-15.8767
1094	136.15	229.57	1852	125.8	148.78	-12.4799
822	129.15	229.57	1900	132.61	148.78	-18.4227
1561	116.54	183.76	1087	116.54	111.76	-14.734
948	116.54	191.93	1699	122.58	111.76	-30.5254
1653	139.76	204.07	1202	119.49	132.07	-17.4038
1293	119.49	183.76	1252	116.54	119.93	-13.3331
3157	122.58	204.07	244	150.66	119.93	-72.2255
2984	129.15	204.07	2720	147.04	103.22	127.481
257	150.66	47.93	2108	116.54	183.76	-153.486
1454	119.49	212.24	1270	139.76	148.78	-13.3808
1914	125.8	204.07	801	139.76	148.78	-12.9748
1490	125.8	220.78	2493	164.36	119.93	-94.2198
1174	132.61	47.93	1215	125.8	204.07	-259.773
1540	147.04	238.43	733	122.58	132.07	-189.625
645	129.15	229.57	2005	129.15	148.78	-14.457
2468	143.4	204.07	581	119.49	157.57	-23.9387
1777	116.54	175.22	940	154.22	191.93	-6.89888
2619	147.04	212.24	1071	122.58	148.78	-274.758
1827	139.76	204.07	1052	116.54	132.07	-16.215
3972	164.36	356.24	3625	150.66	175.22	-92.7915
875	122.58	175.22	825	129.15	68.24	-184.602
1550	125.8	212.24	4343	139.76	140.24	120.216
1557	150.66	220.78	1000	119.49	157.57	-12.3236
915	147.04	212.24	1490	119.49	175.22	-199.258
2510	129.15	191.93	285	147.04	111.76	-13.8436
2444	125.8	204.07	670	143.4	76.78	-235.488
1202	129.15	220.78	1539	132.61	148.78	-14.9032
610	139.76	212.24	6234	129.15	157.57	56.8098
923	164.36	255.76	1642	119.49	175.22	-15.8746
977	132.61	247.22	995	164.36	148.78	-186.09
1506	143.4	191.93	774	147.04	111.76	-184.843
2316	122.58	183.76	463	119.49	85.57	-12.5498
715	147.04	263.93	2261	119.49	157.57	-32.6464
1927	122.58	229.57	1293	129.15	132.07	-55.5017
4359	125.8	204.07	1347	143.4	140.24	122.542
1721	139.76	212.24	867	116.54	132.07	-15.3253
1403	147.04	229.57	1247	122.58	157.57	-16.7979
881	132.61	220.78	2048	116.54	132.07	-50.0222
604	132.61	220.78	2728	125.8	140.24	-59.0939
3325	125.8	212.24	2772	150.66	103.22	110.319
1441	119.49	263.93	2624	116.54	140.24	-107.461
1448	143.4	204.07	1493	125.8	148.78	-192.453
1758	132.61	212.24	1020	132.61	148.78	-14.6397
1756	125.8	204.07	1079	132.61	140.24	-12.4264
663	113.75	220.78	2135	143.4	148.78	-15.2749
504	132.61	140.24	424	147.04	191.93	-143.022
2550	132.61	191.93	228	161.09	119.93	-14.597
2459	125.8	191.93	369	129.15	85.57	-14.3309
1430	136.15	212.24	1258	119.49	140.24	-12.7304
651	157.71	255.76	2028	119.49	175.22	-12.6097
3248	119.49	212.24	2116	143.4	140.24	138.507
2014	122.58	175.22	692	161.09	140.24	-186.344
2430	132.61	191.93	337	143.4	103.22	-17.7805
1540	132.61	238.43	1368	125.8	148.78	-28.9657
1410	116.54	204.07	863	129.15	157.57	-165.56
508	122.58	31.22	5051	129.15	183.76	142.467
841	129.15	220.78	1839	132.61	148.78	-12.2421
405	122.58	229.57	2316	136.15	148.78	-14.322
1096	129.15	229.57	1651	132.61	148.78	-15.1047
510	129.15	204.07	2184	139.76	157.57	-13.7902
1212	125.8	212.24	1687	147.04	119.93	-42.0987
967	132.61	212.24	1815	129.15	148.78	-15.4611
2418	122.58	191.93	503	132.61	103.22	-12.2977
2200	122.58	220.78	723	147.04	119.93	-225.202
473	147.04	247.22	3274	116.54	157.57	-77.124
1747	143.4	132.07	880	119.49	191.93	-12.9692
859	132.61	204.07	1892	132.61	140.24	-14.604
762	150.66	204.07	2111	122.58	175.22	-13.322
1510	129.15	175.22	1014	132.61	68.24	-209.153
2461	122.58	183.76	416	113.75	68.24	-17.0479
3205	122.58	229.57	2595	136.15	140.24	127.435
1237	136.15	220.78	1636	161.09	119.93	-221.202
1359	136.15	229.57	1368	129.15	148.78	-16.0707
1200	119.49	166.43	1442	119.49	60.07	-235.454
2906	136.15	204.07	191	122.58	140.24	-53.4419
738	139.76	220.78	2451	119.49	148.78	-42.8546
197	154.22	276.07	2399	125.8	175.22	-14.343
566	136.15	238.43	2248	129.15	157.57	-15.2872
843	147.04	157.57	775	125.8	140.24	-179.369
3157	122.58	212.24	2949	147.04	103.22	109.656
1037	139.76	204.07	1775	122.58	148.78	-13.7677
2237	129.15	204.07	692	119.49	132.07	-12.6339
1407	129.15	220.78	1309	132.61	148.78	-14.7538
523	143.4	310.43	1433	132.61	183.76	-213.395
665	125.8	238.43	2022	132.61	157.57	-15.9853
1615	139.76	335.93	3107	157.71	148.78	95.5101
1875	119.49	183.76	894	119.49	119.93	-7.79595
1689	154.22	212.24	1257	116.54	157.57	-12.9137
1101	119.49	212.24	1544	143.4	140.24	-16.3808
1877	147.04	204.07	806	122.58	157.57	-14.3685
4023	132.61	191.93	1535	154.22	76.78	134.742
2104	154.22	191.93	764	116.54	175.22	-14.2439
983	147.04	238.43	414	119.49	140.24	-161.74
615	139.76	348.07	2497	122.58	157.57	-221.746
5662	122.58	247.22	2173	119.49	132.07	-15.2789
400	116.54	263.93	4787	116.54	140.24	-190.71
2658	125.8	191.93	143	125.8	103.22	-13.3699
1831	143.4	220.78	138	132.61	132.07	-194.588
1463	157.71	263.93	991	122.58	140.24	-250.869
1193	116.54	204.07	1503	143.4	132.07	-17.1742
1134	143.4	212.24	1492	119.49	148.78	-16.0294
848	139.76	204.07	2298	122.58	157.57	-25.9855
2094	125.8	183.76	484	147.04	148.78	-15.943
984	132.61	212.24	1745	125.8	148.78	-11.3309
1537	116.54	238.43	722	132.61	157.57	-182.707
1184	116.54	212.24	990	116.54	132.07	-186.932
972	132.61	238.43	1920	129.15	148.78	-18.7065
2062	119.49	166.43	829	154.22	183.76	-13.4409
3723	116.54	191.93	2573	132.61	60.07	100.276
755	132.61	212.24	771	113.75	76.78	-196.943
2722	132.61	212.24	3948	164.36	111.76	66.9654
315	122.58	229.57	1699	147.04	111.76	-205.021
620	139.76	238.43	1393	125.8	157.57	-187.992
726	143.4	238.43	1900	119.49	183.76	-184.937
1144	125.8	229.57	1411	136.15	148.78	-16.2886
2482	119.49	204.07	414	143.4	175.22	-198.78
1614	132.61	220.78	410	154.22	140.24	-216.664
829	143.4	238.43	2011	122.58	157.57	-13.4614
803	139.76	204.07	2145	125.8	157.57	-14.5663
1229	136.15	238.43	1431	125.8	157.57	-14.1108
2718	129.15	204.07	2775	150.66	103.22	135.645
1750	129.15	204.07	1119	139.76	119.93	-16.9666
1006	129.15	204.07	1699	132.61	140.24	-15.2233
1562	136.15	191.93	929	119.49	157.57	-160.844
1511	113.75	204.07	1315	143.4	148.78	-14.0454
1233	150.66	229.57	614	136.15	157.57	-169.123
717	116.54	204.07	2285	147.04	157.57	-22.2713
3261	119.49	255.76	3022	129.15	140.24	86.4723
2843	116.54	220.78	945	147.04	119.93	-92.7411
2137	129.15	175.22	580	147.04	157.57	-9.25321
1463	119.49	191.93	1215	122.58	111.76	-14.1367
2194	119.49	183.76	681	113.75	85.57	-15.3741
1887	143.4	140.24	923	119.49	191.93	-13.0593
1997	147.04	212.24	634	122.58	166.43	-15.6778
1767	143.4	212.24	905	122.58	148.78	-13.8237
3194	125.8	13.57	4616	113.75	183.76	-6.47622
504	113.75	212.24	2289	139.76	148.78	-14.6917
719	136.15	327.76	1392	119.49	183.76	-191.717
1008	125.8	276.07	511	122.58	157.57	-198.23
711	143.4	220.78	1806	122.58	140.24	-190.52
2064	129.15	204.07	777	132.61	157.57	-11.5209
560	122.58	229.57	2181	132.61	148.78	-16.9417
1424	122.58	191.93	1224	129.15	111.76	-17.098
2015	116.54	183.76	944	122.58	85.57	-32.4755
462	143.4	348.07	1330	119.49	148.78	-203.811
1742	136.15	204.07	959	119.49	140.24	-9.27373
1108	122.58	204.07	695	161.09	111.76	-229.278
513	129.15	238.43	2092	132.61	157.57	-15.2166
2046	122.58	183.76	759	129.15	103.22	-12.8666
601	129.15	255.76	536	143.4	148.78	-190.921
830	147.04	255.76	2214	122.58	157.57	-22.2297
466	116.54	39.76	1274	113.75	166.43	-214.054
1418	164.36	220.78	1047	119.49	166.43	-17.2113
1582	122.58	212.24	1086	139.76	140.24	-15.0815
1049	143.4	212.24	1690	119.49	157.57	-16.5325
1034	150.66	4.78	4361	125.8	175.22	156.776
1083	129.15	229.57	1699	132.61	148.78	-14.6277
433	129.15	212.24	2625	113.75	157.57	-202.795
1082	143.4	204.07	1228	143.4	175.22	-174.928
2795	129.15	183.76	119	139.76	103.22	-11.3038
1808	129.15	204.07	772	136.15	140.24	-15.993
4419	125.8	255.76	2531	122.58	148.78	51.0662
1666	136.15	204.07	1131	122.58	132.07	-14.4742
2069	132.61	220.78	654	129.15	140.24	-214.223
1724	113.75	212.24	1063	154.22	119.93	-190.007
851	132.61	247.22	1724	129.15	157.57	-165.475
560	139.76	204.07	2096	125.8	157.57	-12.7473
1813	116.54	183.76	1111	122.58	148.78	-224.447
1851	157.71	148.78	830	116.54	183.76	-14.9099
1670	116.54	229.57	3428	164.36	111.76	-175.281
3200	125.8	191.93	372	154.22	60.07	-62.5153
1523	132.61	212.24	1297	122.58	140.24	-11.8757
1268	143.4	238.43	1517	125.8	157.57	-15.636
1681	157.71	220.78	1010	119.49	175.22	-16.1301
1585	139.76	229.57	918	122.58	157.57	-12.3936
1796	139.76	204.07	1025	113.75	132.07	-12.8027
1991	113.75	255.76	2021	122.58	132.07	-112.112
2287	125.8	183.76	434	122.58	85.57	-15.4867
2302	129.15	191.93	552	147.04	111.76	-11.8167
385	136.15	191.93	791	147.04	103.22	-161.529
1407	113.75	220.78	1430	116.54	31.22	-109.837
1605	113.75	220.78	1882	150.66	76.78	-283.969
1984	119.49	175.22	564	161.09	157.57	-19.452
488	113.75	31.22	2729	116.54	175.22	-244.834
2598	125.8	183.76	214	132.61	103.22	-11.6771
1025	147.04	204.07	1728	122.58	148.78	-14.8903
530	154.22	335.93	2731	119.49	175.22	-196.575
1624	164.36	229.57	2744	139.76	175.22	93.8082
3192	113.75	204.07	2127	150.66	148.78	149.052
1654	132.61	212.24	1140	125.8	132.07	-14.2171
2056	143.4	148.78	752	119.49	191.93	-13.0592
1654	129.15	204.07	782	150.66	76.78	-217.039
1251	125.8	276.07	2572	119.49	157.57	-92.0518
2057	116.54	13.57	661	122.58	356.24	123.838
1296	116.54	212.24	1384	139.76	140.24	-14.5503
297	113.75	157.57	476	129.15	119.93	-268.067
3098	122.58	191.93	2745	136.15	85.57	124.679
1893	147.04	204.07	636	122.58	148.78	-16.9536
1420	139.76	212.24	875	154.22	111.76	-187.534
953	125.8	247.22	259	119.49	132.07	-200.259
961	147.04	204.07	1849	119.49	148.78	-15.0707
714	147.04	247.22	2009	122.58	157.57	-15.5713
387	136.15	220.78	1298	132.61	148.78	-116.651
991	136.15	229.57	1619	129.15	148.78	-17.1567
696	119.49	229.57	3633	119.49	132.07	-124.493
540	125.8	220.78	3148	125.8	140.24	-68.6537
1236	143.4	238.43	1170	132.61	148.78	-195.34
1176	139.76	238.43	828	143.4	157.57	-232.166
898	113.75	212.24	1989	143.4	140.24	-15.6056
1230	143.4	13.57	1571	116.54	204.07	-245.735
1626	119.49	183.76	1130	119.49	111.76	-16.6911
933	139.76	229.57	1774	125.8	148.78	-14.2792
1435	129.15	238.43	2583	113.75	132.07	-100.746
1088	136.15	4.78	1206	116.54	175.22	-215.408
1618	150.66	212.24	836	119.49	157.57	-12.5137
2482	143.4	4.78	4186	116.54	175.22	69.8233
342	125.8	255.76	2066	122.58	183.76	-175.264
4162	119.49	212.24	3332	164.36	76.78	11.2573
1440	129.15	175.22	1273	147.04	191.93	-170.672
2563	132.61	39.76	4478	116.54	191.93	54.0299
1256	119.49	212.24	482	136.15	103.22	-189.543
429	129.15	247.22	2269	132.61	157.57	-14.2386
2978	122.58	212.24	3969	154.22	103.22	56.7531
360	132.61	4.78	2517	125.8	157.57	-221.999
651	136.15	204.07	2107	132.61	148.78	-14.671
863	147.04	247.22	1865	122.58	157.57	-16.465
1654	122.58	157.57	428	122.58	103.22	-161.829
2993	139.76	263.93	3183	119.49	148.78	105.287
1073	116.54	220.78	3085	154.22	111.76	-126.996
5632	129.15	247.22	2152	116.54	132.07	-10.9468
1557	143.4	204.07	1320	113.75	140.24	-11.2561
304	129.15	263.93	2178	119.49	148.78	-181.274
842	143.4	39.76	1339	132.61	175.22	-211.831
1675	119.49	255.76	2161	122.58	140.24	-88.5636
2746	113.75	229.57	716	119.49	132.07	-236.761
598	143.4	204.07	2098	129.15	157.57	-15.033
2072	129.15	204.07	686	139.76	157.57	-12.7083
1968	143.4	229.57	876	119.49	157.57	-24.4316
877	147.04	238.43	1541	119.49	157.57	-12.4662
1535	125.8	212.24	1257	132.61	140.24	-16.6074
872	129.15	204.07	1239	154.22	140.24	-256.074
2302	122.58	183.76	556	147.04	148.78	-15.4092
622	139.76	212.24	1558	143.4	119.93	-204.937
928	132.61	212.24	5379	136.15	132.07	71.5582
1046	125.8	204.07	1602	136.15	140.24	-13.27
1511	122.58	204.07	1239	136.15	140.24	-14.1177
709	143.4	247.22	1993	125.8	157.57	-20.0919
1928	154.22	140.24	944	116.54	191.93	-18.4787
1138	129.15	229.57	1556	129.15	148.78	-15.619
1657	122.58	13.57	4841	125.8	183.76	70.3146
1804	154.22	204.07	716	119.49	166.43	-14.1932
349	129.15	212.24	7090	132.61	157.57	13.9406
744	129.15	327.76	2071	116.54	157.57	-209.844
1257	119.49	191.93	1310	125.8	119.93	-15.1962
1240	143.4	301.57	1131	122.58	157.57	-208.127
1757	139.76	212.24	968	125.8	148.78	-12.3555
609	147.04	4.78	3016	113.75	175.22	-76.5601
978	154.22	204.07	1740	116.54	157.57	-17.7952
99	122.58	229.57	2443	132.61	148.78	-12.5229
2262	143.4	204.07	279	136.15	157.57	-174.93
1016	116.54	47.93	1200	132.61	191.93	-252.606
301	147.04	212.24	976	139.76	157.57	-161.398
703	157.71	263.93	1911	122.58	191.93	-240.367
915	136.15	247.22	1168	116.54	175.22	-179.444
2293	125.8	157.57	598	139.76	191.93	-11.7029
1040	154.22	204.07	1730	113.75	157.57	-21.1385
454	119.49	220.78	3104	132.61	148.78	-61.134
1273	143.4	229.57	1532	122.58	157.57	-13.2372
1015	143.4	247.22	1758	125.8	157.57	-15.3089
1204	150.66	212.24	1449	116.54	148.78	-15.6031
1597	157.71	212.24	937	122.58	157.57	-15.9709
2305	136.15	204.07	403	136.15	157.57	-14.8856
831	113.75	47.93	1493	125.8	157.57	-284.629
1385	113.75	238.43	603	113.75	140.24	-193.8
2361	113.75	13.57	5237	119.49	183.76	-2.21377
1123	157.71	238.43	1781	116.54	166.43	-12.622
1283	143.4	204.07	1277	119.49	157.57	-2.52645
1255	143.4	204.07	1374	113.75	148.78	-14.397
1673	116.54	47.93	4851	122.58	191.93	82.6021
859	157.71	263.93	1915	122.58	175.22	-16.2761
208	116.54	310.43	1527	116.54	148.78	-203.667
669	139.76	238.43	1962	129.15	157.57	-15.6596
2075	119.49	183.76	906	122.58	103.22	-13.5253
939	136.15	204.07	1804	122.58	140.24	-13.5717
1754	150.66	212.24	764	119.49	166.43	-14.5686
2403	129.15	229.57	1031	116.54	140.24	-63.6235
886	136.15	263.93	1833	125.8	148.78	-176.776
680	113.75	356.24	5341	129.15	175.22	101.155
1555	116.54	183.76	1276	122.58	119.93	-9.21371
1244	147.04	229.57	1643	119.49	157.57	-13.3472
3729	122.58	204.07	2751	147.04	85.57	81.1821
1000	136.15	212.24	1189	139.76	148.78	-185.568
1640	154.22	132.07	1102	116.54	191.93	-14.9769
948	147.04	238.43	1232	136.15	175.22	-171.517
3757	147.04	247.22	2036	122.58	148.78	109
1392	116.54	183.76	888	132.61	132.07	-176.315
1223	136.15	47.93	1950	116.54	183.76	-211.596
1375	119.49	204.07	1254	143.4	132.07	-16.0391
2382	136.15	22.43	4415	116.54	183.76	58.9131
711	147.04	204.07	2215	122.58	175.22	-11.2502
1078	147.04	204.07	1578	116.54	157.57	-12.0086
3971	132.61	157.57	1314	147.04	183.76	152.61
1037	119.49	175.22	577	132.61	103.22	-199.634
2853	125.8	263.93	3727	122.58	148.78	86.4819
2071	122.58	191.93	672	143.4	140.24	-12.7676
3209	122.58	191.93	2755	139.76	76.78	103.879
2490	129.15	191.93	434	147.04	103.22	-17.316
1093	139.76	238.43	1615	122.58	148.78	-15.768
890	147.04	238.43	1906	119.49	157.57	-13.2892
661	122.58	220.78	2677	132.61	148.78	-46.0473
554	116.54	220.78	2086	139.76	148.78	-16.2083
615	143.4	204.07	549	161.09	103.22	-194.546
2448	147.04	157.57	189	116.54	183.76	-179.763
2050	119.49	191.93	715	150.66	148.78	-14.3703
1936	157.71	157.57	990	113.75	183.76	-12.2123
406	132.61	247.22	2470	129.15	157.57	-20.64
578	116.54	212.24	2499	139.76	175.22	-226.935
989	164.36	204.07	640	132.61	175.22	-239.158
2174	116.54	212.24	1476	147.04	103.22	-72.0914
1490	119.49	220.78	1968	139.76	111.76	-250.742
1444	113.75	212.24	1940	139.76	132.07	-39.682
446	143.4	276.07	1051	136.15	140.24	-185.165
595	154.22	292.78	1735	122.58	148.78	-181.119
1499	150.66	204.07	1237	113.75	148.78	-15.2839
3083	129.15	220.78	661	119.49	132.07	-75.9615
1008	132.61	238.43	1824	129.15	157.57	-13.7854
1433	139.76	204.07	1485	119.49	140.24	-17.9688
1339	132.61	220.78	2024	132.61	140.24	-277.062
807	132.61	204.07	2012	129.15	140.24	-15.7508
898	143.4	212.24	1828	125.8	157.57	-12.9
1443	139.76	229.57	1358	122.58	157.57	-12.3408
1959	119.49	220.78	2179	161.09	103.22	-114.016
159	125.8	238.43	2353	136.15	148.78	-17.9238
846	116.54	175.22	863	132.61	132.07	-188.896
4260	125.8	204.07	2131	164.36	85.57	97.3581
1890	125.8	204.07	999	132.61	140.24	-12.5638
469	122.58	238.43	2165	136.15	157.57	-13.8752
716	129.15	212.24	1960	139.76	148.78	-16.0806
1983	136.15	204.07	761	125.8	148.78	-12.1662
1116	143.4	47.93	166	125.8	191.93	-262.819
1010	119.49	247.22	3338	122.58	132.07	-113.703
2785	129.15	276.07	3741	122.58	157.57	82.8789
1883	147.04	212.24	891	122.58	157.57	-13.2296
697	132.61	204.07	1933	132.61	132.07	-22.5051
1881	125.8	191.93	848	136.15	103.22	-16.9069
2243	136.15	212.24	639	119.49	132.07	-14.3462
1793	122.58	183.76	935	113.75	103.22	-14.4175
782	139.76	212.24	1983	125.8	148.78	-23.5739
1771	139.76	212.24	888	122.58	148.78	-13.6678
570	161.09	140.24	430	129.15	157.57	-155.754
746	113.75	229.57	844	150.66	132.07	-183.047
1720	129.15	212.24	1086	132.61	148.78	-11.5008
1765	122.58	191.93	959	129.15	103.22	-13.476
3159	122.58	263.93	3408	125.8	140.24	66.0367
1825	129.15	204.07	819	132.61	148.78	-9.05076
1882	147.04	212.24	952	119.49	157.57	-15.2913
812	164.36	31.22	1735	122.58	175.22	-176.697
2638	113.75	204.07	1491	150.66	85.57	-94.7353
1250	113.75	229.57	3627	164.36	111.76	-171.539
1882	143.4	247.22	1138	125.8	140.24	-237.877
2056	119.49	238.43	1756	129.15	140.24	-273.688
1389	136.15	212.24	1495	122.58	140.24	-13.1505
1431	136.15	263.93	842	119.49	175.22	-203.483
1423	132.61	220.78	1218	129.15	140.24	-15.0965
1000	113.75	220.78	2782	136.15	111.76	-281.135
832	122.58	39.76	5007	125.8	191.93	126.844
693	139.76	204.07	2144	125.8	157.57	-12.0307
361	119.49	212.24	1847	154.22	183.76	-271.108
349	143.4	220.78	2784	139.76	166.43	-262.14
1264	132.61	39.76	1746	122.58	175.22	-242.612
1097	147.04	204.07	4304	132.61	157.57	130.157
1151	132.61	220.78	1357	132.61	157.57	-164.573
1563	132.61	212.24	883	136.15	140.24	-18.6787
388	143.4	220.78	1480	119.49	148.78	-165.778
2142	136.15	204.07	511	129.15	157.57	-12.1913
3293	113.75	204.07	1829	164.36	60.07	-187.614
1294	116.54	247.22	1743	122.58	157.57	-194.058
3731	125.8	220.78	571	161.09	111.76	-130.269
4467	129.15	220.78	1433	136.15	140.24	106.399
1770	119.49	247.22	1045	143.4	148.78	-248.427
914	122.58	276.07	978	119.49	183.76	-209.735
1404	143.4	204.07	1422	113.75	140.24	-15.9605
2367	129.15	183.76	506	139.76	157.57	-12.7211
1278	119.49	212.24	1657	136.15	140.24	-13.8265
395	113.75	238.43	2619	139.76	157.57	-26.8971
6040	125.8	183.76	4632	164.36	60.07	29.5827
2174	139.76	204.07	531	125.8	157.57	-16.1135
3411	113.75	204.07	1546	164.36	68.24	-160.834
1369	113.75	148.78	1409	164.36	183.76	-12.8373
2630	150.66	220.78	1040	113.75	148.78	-255.603
1657	116.54	204.07	1155	147.04	148.78	-14.0759
1624	122.58	191.93	866	154.22	148.78	-203.236
1222	116.54	247.22	1068	147.04	132.07	-237.595
933	122.58	220.78	1770	136.15	140.24	-13.9323
451	157.71	22.43	2955	119.49	183.76	-38.5263
426	139.76	247.22	2859	119.49	132.07	-266.191
1117	143.4	39.76	855	116.54	175.22	-193.72
546	125.8	276.07	1984	113.75	157.57	-174.909
1910	122.58	229.57	1668	129.15	157.57	-275.256
864	157.71	238.43	1994	119.49	166.43	-13.4124
1082	125.8	175.22	1632	164.36	76.78	-288.438
1173	157.71	263.93	161	139.76	166.43	-249.574
344	139.76	247.22	2513	125.8	157.57	-13.9843
1600	150.66	229.57	1299	122.58	148.78	-23.6591
2183	129.15	191.93	613	139.76	148.78	-10.8938
2218	116.54	183.76	681	161.09	103.22	-240.835
2147	125.8	204.07	732	147.04	119.93	-13.7276
1088	147.04	212.24	1770	113.75	166.43	-13.8402
1520	139.76	204.07	1172	116.54	140.24	-15.2764
2175	119.49	212.24	802	154.22	111.76	-201.528
637	139.76	204.07	5513	132.61	148.78	85.3853
3945	154.22	157.57	1276	132.61	183.76	151.795
2619	143.4	229.57	680	119.49	132.07	-275.171
1092	139.76	212.24	1685	119.49	140.24	-24.7388
5005	143.4	238.43	1669	113.75	148.78	54.1689
2821	122.58	220.78	551	150.66	140.24	-270.641
2255	129.15	204.07	714	154.22	119.93	-14.2648
708	139.76	255.76	1979	136.15	140.24	-239.758
1344	139.76	22.43	2230	119.49	183.76	-247.524
608	136.15	204.07	2093	132.61	148.78	-14.6045
2081	119.49	191.93	840	147.04	148.78	-12.74
1739	125.8	204.07	1009	132.61	132.07	-10.2829
459	119.49	284.24	1745	125.8	175.22	-179.901
4999	129.15	191.93	1030	139.76	148.78	111.458
1159	125.8	204.07	1630	139.76	132.07	-16.7395
1959	125.8	212.24	1701	164.36	111.76	-74.6105
1240	132.61	212.24	1606	125.8	148.78	-12.0519
1786	147.04	132.07	810	119.49	191.93	-13.3815
3366	125.8	212.24	3185	154.22	103.22	84.8294
655	136.15	212.24	1095	122.58	76.78	-288.676
683	132.61	204.07	2134	129.15	157.57	-10.4328
1588	119.49	183.76	1010	154.22	148.78	-9.77049
1428	119.49	183.76	1391	119.49	119.93	-14.8769
1441	139.76	220.78	1426	125.8	148.78	-16.1045
782	125.8	204.07	1360	143.4	140.24	-151.561
2447	125.8	220.78	4779	154.22	103.22	30.4496
1277	129.15	204.07	1810	150.66	85.57	-244.355
2423	129.15	183.76	459	139.76	157.57	-13.9759
1551	154.22	220.78	1252	116.54	166.43	-11.369
1553	122.58	204.07	1282	132.61	119.93	-16.6763
2129	132.61	212.24	596	122.58	140.24	-26.3272
1535	125.8	220.78	1511	125.8	140.24	-188.353
1686	150.66	212.24	1121	122.58	148.78	-16.4585
2296	147.04	183.76	447	119.49	166.43	-13.5789
2252	125.8	183.76	389	122.58	76.78	-18.1017
224	116.54	263.93	2217	125.8	148.78	-206.521
2994	132.61	39.76	3991	116.54	183.76	43.061
964	143.4	204.07	1781	116.54	148.78	-13.8568
2432	125.8	191.93	186	116.54	76.78	-14.5744
378	122.58	13.57	3809	116.54	183.76	-109.052
1916	125.8	229.57	1913	164.36	119.93	-96.3456
965	129.15	204.07	815	164.36	68.24	-213.69
555	139.76	238.43	2130	129.15	148.78	-16.8196
572	150.66	238.43	1972	125.8	157.57	-8.1444
1447	154.22	220.78	1318	119.49	157.57	-12.6682
3201	122.58	220.78	2318	143.4	140.24	139.7
3242	116.54	183.76	1889	154.22	148.78	150.212
325	143.4	292.78	1140	132.61	191.93	-228.932
2251	132.61	204.07	671	129.15	140.24	-27.3639
1931	116.54	191.93	776	150.66	157.57	-12.5271
1311	125.8	335.93	2090	122.58	175.22	-277.648
1893	122.58	212.24	1003	136.15	140.24	-20.3914
2339	129.15	191.93	552	139.76	157.57	-12.8819
1274	164.36	238.43	1510	119.49	166.43	-16.2822
764	136.15	4.78	2273	122.58	183.76	-218.544
6755	132.61	212.24	390	132.61	132.07	27.6151
1482	139.76	204.07	1498	113.75	140.24	-13.9124
730	143.4	204.07	1919	125.8	148.78	-20.6014
1167	139.76	204.07	1629	122.58	140.24	-16.4715
3512	129.15	220.78	1985	136.15	140.24	137.309
1046	129.15	204.07	1748	129.15	140.24	-13.9029
1471	125.8	204.07	1453	129.15	132.07	-14.713
1054	125.8	191.93	1590	116.54	68.24	-218.878
1159	132.61	220.78	1602	129.15	148.78	-15.1976
2515	164.36	356.24	3204	116.54	175.22	130.331
1312	147.04	229.57	1394	125.8	157.57	-13.272
1112	143.4	238.43	1675	125.8	157.57	-14.9793
740	132.61	212.24	1908	132.61	148.78	-17.1798
600	147.04	247.22	2271	122.58	157.57	-12.2858
557	136.15	204.07	2183	129.15	157.57	-13.2631
2894	119.49	212.24	1351	161.09	85.57	-110.876
1577	136.15	204.07	1071	122.58	132.07	-13.5137
1387	113.75	204.07	1759	136.15	111.76	-41.3307
2564	129.15	191.93	216	150.66	111.76	-14.0571
1617	116.54	204.07	1246	139.76	140.24	-13.4908
1953	136.15	204.07	770	113.75	132.07	-15.2157
1298	119.49	204.07	790	122.58	85.57	-187.089
462	125.8	255.76	2811	122.58	148.78	-45.2532
1343	119.49	263.93	299	116.54	148.78	-205.76
1688	150.66	132.07	1036	116.54	191.93	-14.0751
1993	136.15	204.07	862	113.75	132.07	-13.4271
752	147.04	204.07	725	136.15	85.57	-248.837
1353	129.15	212.24	1456	136.15	140.24	-15.8253
1276	143.4	204.07	1389	119.49	140.24	-14.6048
1143	136.15	212.24	1674	129.15	140.24	-16.4486
1220	147.04	204.07	1651	113.75	148.78	-23.0653
2075	119.49	220.78	1260	132.61	132.07	-50.564
1091	143.4	204.07	1532	116.54	148.78	-17.2355
1152	147.04	47.93	1382	113.75	212.24	-223.399
1950	132.61	204.07	879	154.22	119.93	-13.8888
1303	116.54	229.57	1775	136.15	148.78	-41.3255
205	139.76	31.22	1995	116.54	183.76	-162.651
1517	125.8	204.07	776	132.61	119.93	-198.999
1874	154.22	263.93	1129	122.58	140.24	-248.037
615	136.15	263.93	577	132.61	148.78	-172.589
2466	129.15	191.93	290	154.22	119.93	-11.3198
2086	116.54	212.24	654	139.76	140.24	-173.359
930	136.15	301.57	1385	122.58	183.76	-208.082
1412	132.61	212.24	1470	125.8	140.24	-13.9854
613	136.15	220.78	1745	125.8	140.24	-177.89
1270	129.15	204.07	1268	132.61	132.07	-16.78
2434	125.8	183.76	329	136.15	103.22	-12.4291
2669	119.49	212.24	821	129.15	132.07	-64.1329
1329	139.76	204.07	1523	122.58	132.07	-19.5552
1535	125.8	204.07	1266	129.15	132.07	-12.0369
3538	122.58	220.78	966	164.36	119.93	-124.372
2436	122.58	175.22	241	161.09	157.57	-175.607
1604	136.15	212.24	601	129.15	157.57	-86.6279
1722	147.04	220.78	1129	119.49	166.43	-9.46119
2224	119.49	191.93	565	122.58	103.22	-11.3986
1291	129.15	204.07	1413	129.15	132.07	-15.2713
1764	157.71	157.57	1229	113.75	191.93	-13.5313
4910	132.61	220.78	1407	129.15	140.24	96.2307
3443	119.49	204.07	589	147.04	103.22	-101.244
1669	119.49	204.07	2045	136.15	103.22	-285.277
4480	157.71	220.78	4600	136.15	183.76	-158.709
2365	132.61	191.93	420	154.22	111.76	-13.693
644	136.15	247.22	3346	113.75	148.78	-95.7096
2615	125.8	183.76	182	119.49	85.57	-11.9643
1464	132.61	4.78	1720	119.49	183.76	-271.879
1872	119.49	284.24	1979	139.76	148.78	-285.5
999	139.76	229.57	2462	113.75	140.24	-61.1561
3121	113.75	183.76	2109	154.22	157.57	160.118
909	154.22	247.22	1769	122.58	157.57	-16.9629
729	154.22	292.78	2240	129.15	157.57	-231.296
4388	119.49	204.07	3427	164.36	68.24	1.30858
2330	132.61	191.93	386	154.22	111.76	-15.917
2010	136.15	204.07	670	132.61	140.24	-17.1926
1218	147.04	204.07	1605	113.75	157.57	-16.7981
1171	143.4	212.24	1581	116.54	157.57	-14.7895
1685	147.04	220.78	1062	119.49	157.57	-14.3232
956	147.04	238.43	1780	122.58	157.57	-13.8654
816	143.4	212.24	1918	122.58	157.57	-15.9007
585	125.8	204.07	2167	136.15	148.78	-14.265
877	132.61	212.24	2241	129.15	140.24	-29.5205
2110	132.61	204.07	829	119.49	132.07	-15.4352
1327	132.61	220.78	1280	129.15	140.24	-17.8983
521	143.4	247.22	2341	129.15	157.57	-17.6051
1851	150.66	204.07	1000	119.49	157.57	-14.8257
6142	147.04	183.76	3480	157.71	157.57	-131.023
690	143.4	220.78	972	116.54	148.78	-218.107
2106	119.49	229.57	1345	132.61	132.07	-60.3555
2173	143.4	204.07	3198	122.58	132.07	146.191
1428	116.54	204.07	1464	139.76	140.24	-12.6781
2018	122.58	204.07	931	139.76	119.93	-13.279
2254	132.61	229.57	1388	116.54	132.07	-71.3869
2548	122.58	229.57	1977	157.71	191.93	-14.6522
447	136.15	4.78	2342	122.58	183.76	-174.802
2375	113.75	183.76	831	113.75	68.24	-34.0585
2119	122.58	191.93	669	150.66	148.78	-18.6706
1614	129.15	204.07	1049	147.04	119.93	-16.8464
1504	116.54	212.24	1233	139.76	148.78	-13.4066
800	129.15	204.07	618	150.66	140.24	-162.674
1492	116.54	220.78	6002	147.04	111.76	-9.72471
1827	129.15	204.07	930	139.76	140.24	-18.0322
3221	119.49	263.93	3441	125.8	148.78	72.7488
1761	116.54	204.07	1064	150.66	148.78	-14.9831
551	150.66	4.78	1320	116.54	157.57	-177.846
1887	157.71	191.93	834	119.49	175.22	-12.6613
715	132.61	255.76	1258	139.76	157.57	-176.201
1310	125.8	204.07	4617	139.76	132.07	102.359
1403	119.49	183.76	1188	113.75	111.76	-17.0601
2075	125.8	191.93	433	147.04	103.22	-39.79
1954	150.66	140.24	638	119.49	191.93	-15.4894
805	136.15	255.76	318	119.49	148.78	-189.655
1363	147.04	204.07	1337	113.75	148.78	-13.448
1985	122.58	191.93	973	132.61	103.22	-13.5329
692	164.36	247.22	2055	119.49	166.43	-11.5092
1942	157.71	229.57	243	119.49	148.78	-195.518
731	129.15	263.93	1272	132.61	140.24	-196.844
912	125.8	229.57	1946	132.61	148.78	-11.5189
1956	122.58	157.57	681	147.04	191.93	-8.38069
3226	132.61	212.24	3144	164.36	111.76	89.8299
2809	119.49	204.07	1085	164.36	76.78	-99.1618
1096	139.76	204.07	1641	122.58	140.24	-14.1634
2410	129.15	191.93	296	136.15	103.22	-14.9309
769	150.66	204.07	2089	122.58	157.57	-17.6646
867	116.54	229.57	2174	132.61	148.78	-25.6749
1631	161.09	140.24	1077	119.49	175.22	-15.8183
2619	143.4	263.93	2923	125.8	148.78	126.426
1439	122.58	229.57	1437	139.76	157.57	-13.1513
1612	113.75	191.93	1102	154.22	140.24	-14.8347
267	125.8	348.07	2001	122.58	183.76	-176.984
416	113.75	327.76	3709	122.58	175.22	-111.606
2426	129.15	183.76	652	125.8	111.76	-229.867
1433	161.09	132.07	1206	113.75	183.76	-15.3073
1256	122.58	229.57	1545	139.76	148.78	-18.6047
1011	132.61	229.57	1789	129.15	148.78	-12.2198
565	143.4	204.07	6163	129.15	157.57	63.4334
1020	164.36	276.07	1926	116.54	191.93	-240.462
793	125.8	229.57	1994	132.61	148.78	-14.7137
1213	116.54	204.07	2062	139.76	111.76	-57.7634
8073	125.8	229.57	653	164.36	119.93	-77.4092
793	161.09	310.43	2984	125.8	31.22	1.2064
660	122.58	220.78	1996	132.61	148.78	-11.9487
5501	132.61	229.57	1493	119.49	132.07	27.796
1818	150.66	140.24	936	116.54	191.93	-16.5786
5005	129.15	157.57	901	147.04	191.93	114.182
917	154.22	204.07	1988	119.49	157.57	-17.6482
4596	157.71	204.07	1220	125.8	157.57	115.743
1451	157.71	220.78	1080	116.54	175.22	-12.8831
1542	143.4	212.24	1212	113.75	148.78	-14.8123
1423	122.58	191.93	1240	129.15	111.76	-15.5379
1244	129.15	220.78	1583	129.15	148.78	-13.9413
2539	139.76	204.07	144	143.4	175.22	-222.052
2390	113.75	204.07	687	147.04	103.22	-216.504
2179	122.58	191.93	565	125.8	103.22	-15.1946
1092	129.15	229.57	1774	125.8	157.57	-13.596
1059	143.4	212.24	891	150.66	111.76	-186.031
2181	136.15	212.24	841	125.8	140.24	-26.9307
1067	139.76	327.76	1528	125.8	175.22	-211.981
866	113.75	229.57	340	119.49	140.24	-175.821
1731	129.15	212.24	1123	129.15	132.07	-15.2887
882	143.4	255.76	1277	129.15	132.07	-262.685
1984	125.8	191.93	743	147.04	140.24	-19.1947
1217	132.61	220.78	1769	122.58	132.07	-41.4369
1346	161.09	229.57	1452	116.54	166.43	-19.1941
1828	143.4	220.78	959	125.8	157.57	-18.3912
2492	132.61	204.07	641	136.15	148.78	-204.997
563	136.15	238.43	3084	116.54	140.24	-80.3109
364	116.54	220.78	2384	125.8	111.76	-269.835
177	147.04	229.57	1395	129.15	175.22	-100.591
1789	116.54	191.93	976	147.04	140.24	-11.3631
1627	122.58	204.07	1151	139.76	140.24	-14.3401
1050	129.15	229.57	624	147.04	148.78	-179.628
1142	143.4	212.24	1701	122.58	148.78	-15.0941
644	143.4	204.07	2002	125.8	157.57	-16.4061
2921	132.61	212.24	3011	161.09	119.93	121.123
1557	147.04	301.57	1072	116.54	175.22	-211.651
1398	129.15	220.78	1364	129.15	148.78	-13.381
4087	122.58	212.24	3368	161.09	68.24	16.9757
2022	154.22	229.57	960	113.75	166.43	-31.5831
1805	113.75	204.07	1195	147.04	148.78	-18.0733
3028	119.49	191.93	3235	136.15	76.78	93.134
1412	122.58	229.57	1780	129.15	140.24	-36.683
3924	119.49	204.07	239	132.61	111.76	-96.9125
758	136.15	263.93	1458	113.75	148.78	-171.78
827	132.61	229.57	1809	132.61	148.78	-17.4907
2571	139.76	276.07	3325	125.8	157.57	116.748
1130	132.61	229.57	1775	129.15	148.78	-15.6549
2480	116.54	175.22	669	132.61	148.78	-221.174
239	139.76	247.22	1381	139.76	148.78	-171.956
2687	125.8	183.76	183	125.8	68.24	-26.1783
1776	119.49	238.43	1871	125.8	132.07	-83.6349
967	150.66	204.07	1910	119.49	166.43	-13.8694
1871	113.75	191.93	1448	129.15	85.57	-53.1787
1121	132.61	247.22	1170	113.75	175.22	-196.797
94	136.15	284.24	5007	113.75	157.57	-177.88
855	143.4	220.78	1977	122.58	157.57	-18.4313
1066	143.4	204.07	1839	119.49	148.78	-13.0905
1421	161.09	183.76	813	122.58	157.57	-193.711
1460	129.15	204.07	4660	136.15	132.07	106.067
3024	119.49	191.93	2789	136.15	85.57	127.686
812	139.76	212.24	1979	125.8	157.57	-14.4164
1783	129.15	204.07	917	119.49	132.07	-13.3181
967	119.49	229.57	2297	122.58	140.24	-246.269
1206	122.58	204.07	1494	136.15	148.78	1.29304
894	122.58	4.78	2628	119.49	183.76	-224.302
2371	125.8	238.43	1493	116.54	132.07	-92.5461
2537	129.15	212.24	1137	164.36	103.22	-64.9376
1499	143.4	212.24	1138	119.49	148.78	-11.9466
900	113.75	310.43	3904	119.49	157.57	-151.782
847	143.4	301.57	1908	125.8	157.57	-194.013
2295	122.58	191.93	752	129.15	111.76	-12.0519
952	136.15	229.57	1857	125.8	157.57	-12.3777
401	136.15	204.07	2076	132.61	157.57	-12.4406
1140	150.66	238.43	1599	119.49	157.57	-14.3021
464	143.4	247.22	2295	129.15	157.57	-15.3832
1117	136.15	229.57	986	161.09	119.93	-279.883
1715	147.04	212.24	1132	122.58	157.57	-10.8314
849	119.49	175.22	705	132.61	191.93	-111.882
2272	119.49	204.07	3795	129.15	103.22	104.906
2150	119.49	183.76	695	122.58	103.22	-13.4939
1527	161.09	255.76	1294	116.54	166.43	-27.9519
932	129.15	220.78	2290	122.58	132.07	-61.3401
3114	132.61	229.57	2235	136.15	148.78	138.085
1132	139.76	238.43	1698	122.58	157.57	-15.0205
529	139.76	204.07	2432	136.15	157.57	-19.8558
215	122.58	247.22	4281	122.58	157.57	-123.26
1184	136.15	204.07	1598	122.58	140.24	-14.7312
2040	154.22	157.57	686	116.54	191.93	-15.2821
1877	164.36	157.57	795	129.15	183.76	-188.643
1142	119.49	238.43	1235	132.61	132.07	-178.823
167	143.4	263.93	2664	129.15	175.22	-12.4695
1339	129.15	220.78	1460	132.61	148.78	-15.8691
725	132.61	247.22	2952	119.49	140.24	-277.89
1225	129.15	310.43	1644	119.49	175.22	-246.579
2895	154.22	263.93	2602	122.58	157.57	138.174
901	132.61	212.24	1802	129.15	148.78	-16.1015
652	129.15	284.24	2677	119.49	157.57	-72.4364
1336	136.15	220.78	1365	113.75	175.22	-204.513
1988	119.49	191.93	367	132.61	148.78	-185.029
681	150.66	212.24	682	139.76	166.43	-160.659
4680	139.76	220.78	1303	129.15	140.24	90.5582
2098	139.76	229.57	1566	119.49	140.24	-278.442
619	132.61	220.78	1355	161.09	111.76	-179.816
286	119.49	175.22	736	132.61	60.07	-185.986
1395	136.15	229.57	1596	125.8	157.57	-12.0632
1336	119.49	284.24	4472	129.15	157.57	113.645
924	143.4	212.24	1655	119.49	148.78	-17.0487
2218	129.15	204.07	1043	161.09	111.76	-50.9391
1481	113.75	183.76	717	122.58	148.78	-193.399
1877	143.4	229.57	1047	116.54	148.78	-32.3315
2538	129.15	191.93	466	139.76	85.57	-23.2521
1135	119.49	247.22	248	113.75	166.43	-178.701
1007	136.15	204.07	1486	161.09	111.76	-204.534
1342	136.15	301.57	1528	116.54	148.78	-262.913
1152	119.49	212.24	1482	125.8	103.22	-191.911
1261	119.49	238.43	411	136.15	175.22	-29.5636
1658	119.49	247.22	959	139.76	148.78	-228.452
2645	147.04	255.76	2551	129.15	157.57	150.308
1288	113.75	238.43	2073	132.61	175.22	-273.641
2347	143.4	191.93	425	125.8	175.22	-12.5628
1200	139.76	204.07	1750	119.49	148.78	-11.6959
803	147.04	229.57	2331	113.75	148.78	-54.076
2792	129.15	191.93	305	139.76	68.24	-34.8114
2229	143.4	47.93	3770	119.49	191.93	107.164
929	129.15	204.07	1683	136.15	132.07	-18.4931
5186	132.61	220.78	1252	129.15	140.24	83.535
2390	136.15	212.24	3287	150.66	119.93	126.926
1045	132.61	229.57	1554	132.61	148.78	-11.9288
307	129.15	247.22	2522	132.61	157.57	-18.3789
294	150.66	247.22	3736	113.75	157.57	-92.4451
783	139.76	204.07	1974	129.15	148.78	-17.0714
419	122.58	229.57	2352	136.15	148.78	-16.1631
1674	125.8	247.22	1574	113.75	157.57	-225.325
818	147.04	191.93	2063	154.22	103.22	-260.684
482	119.49	220.78	2086	147.04	103.22	-225.991
1831	113.75	183.76	1022	154.22	157.57	-11.9394
502	136.15	348.07	583	132.61	175.22	-207.917
1589	119.49	212.24	1274	139.76	148.78	-12.6441
1180	139.76	212.24	1030	116.54	132.07	-176.136
1245	157.71	238.43	782	129.15	191.93	-174.004
635	136.15	238.43	2114	125.8	157.57	-13.0668
3127	113.75	204.07	1513	161.09	76.78	-132.769
4203	125.8	191.93	2115	154.22	60.07	92.1506
546	122.58	238.43	2383	132.61	157.57	-15.0715
2115	122.58	183.76	724	154.22	157.57	-15.2579
754	157.71	220.78	2760	119.49	157.57	-273.435
1809	136.15	212.24	942	119.49	140.24	-14.5984
1566	113.75	191.93	1201	116.54	111.76	-22.797
1019	161.09	204.07	1015	113.75	119.93	-166.731
1672	125.8	212.24	1166	136.15	140.24	-15.6841
1772	147.04	212.24	1538	122.58	175.22	-255.528
1305	129.15	212.24	1781	125.8	132.07	-29.9602
1590	132.61	255.76	1292	113.75	148.78	-68.0183
1129	139.76	229.57	1701	125.8	148.78	-11.9005
1814	119.49	238.43	3091	164.36	119.93	-156.192
863	132.61	175.22	1496	147.04	85.57	-231.704
1181	154.22	220.78	976	132.61	148.78	-191.112
336	119.49	229.57	984	147.04	119.93	-177.269
2042	122.58	191.93	870	136.15	111.76	-12.1346
1011	143.4	212.24	1828	119.49	157.57	-14.3801
1400	139.76	276.07	2155	113.75	157.57	-70.0316
587	150.66	204.07	2134	122.58	157.57	-19.952
1237	129.15	238.43	1744	129.15	140.24	-33.7751
1597	139.76	13.57	2046	116.54	175.22	-286.211
1736	119.49	183.76	1111	113.75	103.22	-15.6269
492	147.04	220.78	2929	119.49	157.57	-220.629
1274	157.71	220.78	1367	116.54	166.43	-11.706
2211	125.8	157.57	575	147.04	191.93	-12.3245
955	136.15	204.07	1705	132.61	140.24	-17.2255
1984	132.61	212.24	920	129.15	140.24	-31.3547
141	129.15	183.76	1616	154.22	103.22	-225.018
1141	136.15	220.78	1396	119.49	175.22	-206.987
1186	129.15	284.24	2817	113.75	148.78	-107.498
2550	119.49	183.76	3322	116.54	68.24	117.765
1937	129.15	191.93	750	139.76	148.78	-4.26485
7214	125.8	276.07	1393	122.58	247.22	-248.047
964	125.8	301.57	4665	129.15	204.07	-233.459
1474	136.15	212.24	1350	125.8	140.24	-15.506
157	122.58	229.57	2476	129.15	157.57	-10.9719
947	147.04	238.43	1881	122.58	157.57	-14.1337
887	119.49	229.57	3304	122.58	132.07	-98.3847
929	139.76	204.07	1812	125.8	140.24	-14.0673
1618	119.49	204.07	616	143.4	111.76	-156.753
2019	113.75	183.76	961	150.66	157.57	-15.2546
2476	119.49	220.78	1165	147.04	119.93	-67.5819
4377	132.61	255.76	2473	119.49	140.24	49.788
1232	154.22	229.57	1644	119.49	157.57	-15.1261
1935	157.71	148.78	947	113.75	183.76	-18.2937
3151	154.22	255.76	2531	122.58	157.57	136.826
667	113.75	220.78	2061	143.4	148.78	-16.6364
2581	143.4	263.93	1313	113.75	157.57	-276.512
2243	122.58	183.76	523	143.4	157.57	-10.2859
2384	113.75	229.57	1083	125.8	148.78	-234.547
1385	119.49	183.76	1381	116.54	119.93	-16.2606
145	119.49	212.24	3489	129.15	140.24	-239
3033	119.49	191.93	2685	125.8	76.78	132.038
3491	132.61	47.93	3838	113.75	191.93	24.9282
5970	129.15	148.78	3143	116.54	111.76	-17.8241
2857	119.49	204.07	4105	147.04	85.57	43.5234
664	143.4	204.07	2091	129.15	148.78	-16.4433
1763	113.75	191.93	853	147.04	148.78	-10.2773
2350	125.8	175.22	372	143.4	191.93	-11.9877
1898	122.58	183.76	360	154.22	132.07	-181.467
2121	129.15	183.76	891	116.54	148.78	-269.363
714	136.15	13.57	4577	129.15	175.22	148.148
1181	132.61	39.76	4720	122.58	183.76	131.776
613	139.76	238.43	1598	119.49	140.24	-190.253
488	132.61	238.43	2132	132.61	157.57	-14.1982
3773	129.15	255.76	2705	125.8	148.78	73.2043
1908	116.54	183.76	779	154.22	148.78	-14.7202
3016	129.15	255.76	3011	125.8	148.78	107.692
1937	129.15	191.93	449	136.15	140.24	8.11767
1154	154.22	238.43	1567	119.49	157.57	-14.3788
1989	116.54	183.76	653	154.22	157.57	-13.891
617	122.58	238.43	2090	132.61	157.57	-12.8215
1438	116.54	157.57	528	154.22	183.76	-17.7901
2641	132.61	356.24	4377	116.54	175.22	42.4812
2739	119.49	183.76	656	132.61	60.07	-51.6609
272	154.22	263.93	2721	125.8	175.22	-13.7675
1171	164.36	238.43	1420	119.49	157.57	-16.2341
2007	125.8	191.93	776	132.61	103.22	-16.149
2251	116.54	191.93	3688	122.58	85.57	101.708
2281	122.58	183.76	530	119.49	85.57	-16.1457
1600	122.58	191.93	1008	125.8	111.76	-14.4147
63	132.61	31.22	3104	113.75	183.76	-216.907
1525	139.76	238.43	1829	122.58	157.57	-244.464
321	161.09	263.93	2466	122.58	175.22	-10.7865
604	125.8	284.24	2149	116.54	148.78	-195.94
3141	119.49	183.76	2589	122.58	60.07	129.992
2008	119.49	238.43	929	143.4	132.07	-242.468
1906	122.58	191.93	907	125.8	111.76	-12.5575
2982	122.58	191.93	2670	132.61	85.57	135.423
275	122.58	310.43	458	129.15	175.22	-212.848
2109	147.04	140.24	461	122.58	191.93	-21.2122
2697	129.15	348.07	4550	116.54	175.22	25.4934
856	113.75	238.43	1255	113.75	157.57	-191.204
1775	132.61	13.57	4799	119.49	183.76	80.7732
3220	116.54	183.76	2489	125.8	60.07	126.956
1279	125.8	335.93	1271	122.58	175.22	-285.028
523	119.49	247.22	2564	129.15	148.78	-35.0961
820	132.61	238.43	1867	132.61	148.78	-17.0632
2588	132.61	22.43	4342	119.49	183.76	46.4966
2977	122.58	191.93	2611	125.8	76.78	136.943
1320	154.22	238.43	1554	119.49	166.43	-13.2336
1192	122.58	310.43	1623	122.58	175.22	-249.236
1636	132.61	191.93	1595	125.8	76.78	-259.743
842	132.61	348.07	4807	129.15	175.22	136.322
1228	139.76	13.57	4489	125.8	175.22	129.499
525	129.15	238.43	2206	129.15	157.57	-11.7885
2236	125.8	166.43	534	154.22	183.76	-19.3663
611	157.71	263.93	2165	122.58	175.22	-14.4597
1250	154.22	247.22	1449	113.75	148.78	-264.121
1699	119.49	191.93	946	122.58	103.22	-17.3544
98	132.61	247.22	2629	132.61	157.57	-17.7413
2454	129.15	191.93	331	150.66	103.22	-14.0878
295	132.61	238.43	3855	122.58	148.78	-102.232
2347	125.8	191.93	502	136.15	103.22	-11.3643
1663	116.54	191.93	964	125.8	119.93	-12.0083
1214	129.15	301.57	659	113.75	140.24	-238.629
1451	129.15	301.57	923	125.8	148.78	-282.515
2376	125.8	175.22	408	113.75	68.24	-14.9698
1899	113.75	238.43	1784	129.15	140.24	-79.3403
2104	122.58	191.93	689	139.76	148.78	-14.0739
1549	136.15	4.78	4286	125.8	175.22	115.394
1448	139.76	191.93	862	119.49	166.43	-155.771
1701	122.58	191.93	1063	132.61	111.76	-16.9197
1652	147.04	148.78	953	136.15	191.93	-184.577
1607	136.15	4.78	4238	125.8	183.76	104.048
2098	136.15	157.57	722	122.58	183.76	-176.504
2460	161.09	348.07	2676	143.4	175.22	91.5065
856	113.75	183.76	440	129.15	140.24	-133.784
731	116.54	31.22	2382	129.15	191.93	-233.454
2175	119.49	191.93	831	129.15	111.76	-11.5019
1042	154.22	238.43	1674	119.49	166.43	-14.4035
1362	119.49	220.78	1114	164.36	119.93	-261.619
1348	143.4	204.07	1565	113.75	157.57	-12.1496
236	150.66	247.22	2323	125.8	140.24	-275.822
3081	125.8	204.07	442	150.66	111.76	-81.795
391	157.71	238.43	3372	113.75	157.57	-81.4904
716	150.66	204.07	2166	125.8	157.57	-15.4855
1220	129.15	238.43	2892	116.54	132.07	-106.05
896	132.61	204.07	1898	129.15	148.78	-14.9424
1362	132.61	229.57	1298	129.15	148.78	-16.3868
1006	129.15	263.93	2116	119.49	157.57	-205.075
953	132.61	212.24	1832	129.15	148.78	-14.8792
1618	139.76	220.78	1026	125.8	148.78	-14.0567
2397	136.15	263.93	1401	119.49	148.78	-268.332
440	132.61	191.93	2592	150.66	119.93	-275.461
2595	125.8	31.22	4393	119.49	183.76	37.3522
1492	129.15	191.93	1159	136.15	111.76	-14.9454
2508	139.76	212.24	2949	113.75	132.07	140.986
1045	116.54	204.07	1712	139.76	148.78	-1.76431
901	122.58	204.07	1752	139.76	148.78	-11.1275
936	147.04	238.43	1853	122.58	157.57	-15.2192
712	119.49	238.43	1819	132.61	148.78	-160.511
2339	136.15	157.57	290	143.4	191.93	-18.6004
1929	139.76	212.24	877	119.49	157.57	-12.1952
1321	150.66	13.57	1636	122.58	166.43	-260.081
1856	116.54	212.24	1404	143.4	103.22	-59.6877
700	143.4	204.07	1884	125.8	148.78	-16.085
1096	139.76	212.24	1614	122.58	148.78	-12.4849
3107	119.49	191.93	3039	129.15	68.24	107.864
1465	113.75	238.43	3858	164.36	111.76	-193.618
1996	129.15	204.07	817	147.04	119.93	-13.4974
1930	136.15	204.07	774	129.15	148.78	-13.8641
1933	143.4	204.07	805	116.54	157.57	-13.6639
303	136.15	238.43	3656	116.54	148.78	-96.5126
2397	150.66	4.78	3803	119.49	183.76	102.263
581	136.15	247.22	2221	129.15	157.57	-15.2725
1196	147.04	212.24	1436	113.75	157.57	-13.4449
1154	116.54	212.24	1671	136.15	148.78	-11.2621
1045	139.76	204.07	1609	122.58	140.24	-15.9164
1838	132.61	212.24	835	136.15	148.78	-14.8377
1171	147.04	4.78	2062	113.75	183.76	-237.664
1680	143.4	220.78	1081	122.58	148.78	-16.2294
3268	150.66	229.57	2499	129.15	68.24	4.40533
1208	139.76	220.78	1562	122.58	148.78	-12.9394
1157	122.58	255.76	2430	125.8	140.24	-273.01
1735	113.75	255.76	1739	147.04	148.78	-61.4874
4605	125.8	204.07	1376	136.15	148.78	120.838
5978	136.15	204.07	590	136.15	140.24	67.237
809	136.15	238.43	1928	129.15	148.78	-15.7808
2777	113.75	191.93	356	143.4	76.78	-216.942
4816	119.49	263.93	3256	119.49	140.24	-15.4984
4144	139.76	247.22	2136	119.49	148.78	86.6837
1704	132.61	204.07	1111	125.8	132.07	-12.4398
3828	129.15	229.57	1945	132.61	140.24	113.774
671	164.36	13.57	1612	119.49	157.57	-190.189
1215	129.15	212.24	1894	125.8	132.07	-25.7047
1583	116.54	310.43	4725	129.15	157.57	81.938
1266	136.15	212.24	4779	129.15	140.24	94.859
1036	132.61	204.07	1759	129.15	140.24	-14.6321
2931	122.58	4.78	4846	116.54	183.76	-11.3073
363	122.58	229.57	2299	132.61	148.78	-15.8003
1473	132.61	220.78	1197	129.15	148.78	-14.0402
1538	132.61	220.78	1293	132.61	148.78	-17.356
817	129.15	229.57	1874	132.61	148.78	-15.5215
850	147.04	22.43	1809	122.58	191.93	-206.986
1306	119.49	220.78	1591	136.15	148.78	-22.8142
1255	116.54	220.78	2859	154.22	111.76	-122.09
783	132.61	238.43	1950	125.8	166.43	-10.1009
1152	143.4	204.07	1644	116.54	148.78	-12.799
3104	164.36	204.07	3063	132.61	103.22	88.655
892	132.61	212.24	1895	129.15	148.78	-10.6859
887	132.61	327.76	3519	113.75	175.22	-111.576
2761	116.54	229.57	1440	154.22	119.93	-102.33
621	129.15	229.57	3102	122.58	140.24	-84.5467
2783	113.75	212.24	2135	161.09	85.57	-156.685
870	122.58	229.57	1852	132.61	157.57	-12.068
1340	136.15	319.22	4476	125.8	175.22	134.676
2319	125.8	191.93	431	139.76	111.76	-10.7338
770	113.75	212.24	512	150.66	140.24	-171.26
1919	113.75	212.24	1344	125.8	157.57	-241.778
912	129.15	212.24	1768	139.76	148.78	-14.322
632	147.04	327.76	2257	132.61	175.22	-266.36
2599	154.22	327.76	3284	119.49	175.22	111.577
1807	136.15	204.07	666	132.61	132.07	-190.363
987	119.49	301.57	1358	129.15	148.78	-235.073
961	122.58	212.24	1638	143.4	85.57	-200.279
1325	132.61	220.78	1564	129.15	148.78	-14.4015
2329	125.8	276.07	3762	125.8	148.78	92.3272
2210	119.49	191.93	721	150.66	157.57	-13.6359
772	119.49	204.07	2007	139.76	148.78	-10.4526
3051	129.15	204.07	2437	139.76	103.22	140.462
1625	116.54	191.93	733	132.61	148.78	-151.735
1873	129.15	204.07	684	122.58	119.93	-229.782
451	119.49	220.78	2805	136.15	119.93	-235.929
1053	119.49	204.07	1883	147.04	140.24	-16.5151
1614	139.76	220.78	1147	125.8	148.78	-12.8159
1576	122.58	229.57	2858	164.36	119.93	-126.936
940	132.61	212.24	1825	129.15	148.78	-14.5525
1767	122.58	204.07	920	132.61	119.93	-13.3534
932	122.58	220.78	1817	136.15	140.24	-16.9866
1977	125.8	191.93	676	139.76	103.22	-22.7367
2752	113.75	191.93	848	132.61	60.07	-65.3676
1018	113.75	220.78	1782	136.15	157.57	-13.2805
1303	132.61	204.07	1507	122.58	140.24	-14.183
1537	147.04	22.43	1961	119.49	183.76	-275.899
298	143.4	220.78	3341	122.58	157.57	-63.3789
3961	119.49	220.78	830	161.09	111.76	-138.553
1656	136.15	335.93	1510	116.54	166.43	-254.183
2051	143.4	148.78	880	119.49	191.93	-10.9613
1690	129.15	191.93	1208	136.15	68.24	-224.596
668	143.4	220.78	1839	139.76	140.24	-210.828
5248	139.76	212.24	1019	129.15	140.24	83.7369
1548	116.54	204.07	1122	139.76	140.24	-13.5047
1943	136.15	212.24	699	125.8	148.78	-12.1611
457	119.49	229.57	2267	136.15	157.57	-14.2267
5439	150.66	220.78	1062	119.49	148.78	67.6444
1496	136.15	220.78	1349	129.15	148.78	-13.5445
963	113.75	229.57	3527	154.22	119.93	-133.815
475	122.58	238.43	2653	129.15	148.78	-272.835
1026	136.15	238.43	1677	125.8	157.57	-12.7648
4111	136.15	157.57	1092	143.4	191.93	141.136
1888	116.54	229.57	2398	154.22	111.76	-119.081
776	132.61	335.93	1167	136.15	157.57	-278.343
1897	119.49	191.93	872	150.66	140.24	-15.3464
1761	136.15	212.24	1041	116.54	140.24	-13.9963
958	129.15	204.07	795	116.54	175.22	-179.241
1324	143.4	204.07	1580	116.54	148.78	-13.5394
1986	154.22	212.24	647	122.58	183.76	-179.745
1637	113.75	212.24	5670	139.76	119.93	28.9216
461	125.8	204.07	2906	139.76	119.93	-254.878
2785	136.15	212.24	3312	164.36	111.76	91.695
1842	136.15	212.24	895	125.8	148.78	-12.5933
1998	129.15	204.07	911	139.76	148.78	-15.4861
799	147.04	238.43	2045	122.58	157.57	-14.042
492	129.15	212.24	1298	132.61	85.57	-215.947
1175	147.04	238.43	1577	119.49	157.57	-22.0554
2247	147.04	157.57	643	113.75	183.76	-16.7269
679	136.15	204.07	2038	129.15	157.57	-11.8599
1451	139.76	212.24	1405	116.54	148.78	-10.138
1140	143.4	204.07	1468	119.49	140.24	-16.4376
3113	113.75	22.43	5334	113.75	191.93	-57.6584
1992	147.04	204.07	774	113.75	175.22	-203.714
1043	122.58	220.78	1677	132.61	148.78	-13.6152
1609	119.49	191.93	1303	125.8	119.93	-14.0439
550	147.04	255.76	3703	113.75	148.78	-110.666
1236	143.4	229.57	1349	125.8	148.78	-16.7462
2726	116.54	212.24	1984	161.09	85.57	-143.555
885	139.76	238.43	1880	122.58	157.57	-13.1712
1326	116.54	212.24	1455	139.76	148.78	-8.98463
1421	147.04	220.78	1494	119.49	157.57	-11.4019
1708	119.49	212.24	1085	139.76	148.78	-14.2506
1094	139.76	238.43	1192	122.58	175.22	-168.583
1480	139.76	220.78	1201	125.8	148.78	-17.7971
2131	116.54	183.76	727	116.54	76.78	-27.6014
2933	129.15	263.93	3182	125.8	157.57	108.656
599	132.61	212.24	2148	129.15	157.57	-22.3135
2002	132.61	255.76	1807	113.75	140.24	-96.5842
1710	116.54	191.93	1090	125.8	111.76	-16.5544
2317	154.22	47.93	3593	119.49	191.93	119.138
1562	122.58	212.24	779	147.04	148.78	-189.112
2109	157.71	276.07	169	119.49	148.78	-266.093
569	129.15	238.43	2255	132.61	157.57	-15.5627
1197	122.58	204.07	1577	147.04	132.07	-15.1317
718	143.4	276.07	1505	122.58	183.76	-182.825
2291	113.75	229.57	1023	139.76	148.78	-238.856
735	143.4	212.24	1913	125.8	157.57	-14.3591
1858	129.15	204.07	913	136.15	140.24	-13.2852
1641	139.76	220.78	1065	129.15	148.78	-16.9405
809	150.66	220.78	2439	113.75	166.43	-39.964
3285	122.58	191.93	441	164.36	68.24	-78.8953
695	147.04	247.22	2024	125.8	157.57	-13.4208
3362	136.15	204.07	2216	161.09	111.76	138.896
3123	143.4	255.76	2465	125.8	157.57	131.802
1071	143.4	247.22	623	119.49	191.93	-197.527
1819	143.4	212.24	3993	122.58	140.24	124.572
2336	125.8	175.22	408	143.4	157.57	-12.1894
657	116.54	220.78	2189	136.15	148.78	-16.5619
924	125.8	22.43	3571	113.75	183.76	-141.623
1182	147.04	148.78	1641	119.49	204.07	-14.1618
1292	122.58	204.07	1419	139.76	132.07	-13.7841
1053	143.4	220.78	1101	113.75	157.57	-171.481
1149	116.54	327.76	490	136.15	175.22	-35.3722
2700	136.15	191.93	445	129.15	140.24	-29.4123
2524	116.54	191.93	893	143.4	76.78	-258.404
2447	132.61	220.78	916	122.58	132.07	-56.4767
530	122.58	229.57	2160	132.61	148.78	-12.0606
2872	132.61	263.93	3072	125.8	157.57	122.428
2465	122.58	183.76	345	122.58	103.22	-10.6379
1959	157.71	140.24	878	122.58	175.22	-197.464
475	154.22	204.07	2194	125.8	175.22	-15.404
2669	129.15	191.93	176	147.04	111.76	-13.1287
126	119.49	284.24	2374	132.61	157.57	-185.405
812	122.58	204.07	1861	147.04	140.24	-17.8823
1016	147.04	204.07	1613	116.54	148.78	-16.3401
1878	129.15	204.07	863	143.4	119.93	-14.4059
648	139.76	220.78	2298	125.8	157.57	-199.066
3581	122.58	204.07	3105	154.22	85.57	72.4969
396	129.15	319.22	2670	125.8	175.22	-198.226
1190	125.8	229.57	2399	119.49	132.07	-70.622
1984	116.54	191.93	738	147.04	157.57	-12.8259
1720	132.61	212.24	1183	129.15	148.78	-12.2939
163	119.49	220.78	3082	143.4	148.78	-57.6701
362	143.4	255.76	2400	129.15	157.57	-18.4697
7280	136.15	229.57	429	139.76	175.22	-43.6547
619	139.76	229.57	2891	116.54	148.78	-60.9744
1647	122.58	276.07	2731	113.75	140.24	-133.769
3276	125.8	276.07	3935	119.49	148.78	41.7548
970	119.49	204.07	1709	143.4	140.24	-13.5121
1577	136.15	220.78	1209	129.15	148.78	-13.9104
1140	147.04	220.78	1702	119.49	157.57	-16.6857
1049	129.15	204.07	1734	132.61	140.24	-13.6018
1873	113.75	183.76	905	154.22	157.57	-13.5478
513	136.15	247.22	3643	119.49	148.78	-98.6854
747	119.49	238.43	3790	119.49	132.07	-130.391
1215	125.8	220.78	2467	154.22	119.93	-70.2309
1433	139.76	220.78	1367	125.8	148.78	-15.0466
1071	122.58	220.78	1687	132.61	140.24	-14.8619
950	132.61	204.07	1955	125.8	140.24	-24.0899
1317	129.15	204.07	1508	132.61	132.07	-13.7391
520	116.54	247.22	2470	132.61	148.78	-40.2868
851	147.04	212.24	2195	122.58	157.57	-23.894
2149	125.8	157.57	437	147.04	191.93	-17.3845
892	147.04	183.76	748	139.76	103.22	-184.605
1825	129.15	183.76	950	119.49	148.78	-181.59
1236	129.15	229.57	1498	136.15	148.78	-15.2282
198	125.8	157.57	1236	139.76	111.76	-214.028
2462	139.76	319.22	4043	116.54	175.22	77.0461
1021	154.22	238.43	1708	122.58	157.57	-15.6415
2776	129.15	191.93	187	161.09	119.93	-10.2451
2943	132.61	148.78	460	139.76	175.22	-250.683
780	129.15	204.07	2082	132.61	148.78	-10.8257
2113	129.15	212.24	652	129.15	140.24	-30.7485
1256	116.54	183.76	1292	119.49	111.76	-17.3358
1330	113.75	47.93	4873	125.8	191.93	100.807
1520	119.49	238.43	3124	164.36	119.93	-150.501
1466	129.15	220.78	1328	129.15	157.57	-13.628
745	125.8	204.07	1571	139.76	132.07	-14.7789
180	136.15	22.43	3370	119.49	183.76	-60.0484
2208	129.15	212.24	811	143.4	111.76	-258.795
1984	119.49	183.76	894	147.04	148.78	-12.9974
2325	136.15	204.07	641	122.58	148.78	-27.3904
1891	125.8	204.07	954	136.15	140.24	-15.772
1284	125.8	220.78	1412	132.61	140.24	-16.9907
1220	147.04	204.07	767	125.8	140.24	-152.462
1597	143.4	220.78	1146	125.8	148.78	-16.6481
2965	129.15	301.57	4300	116.54	157.57	43.9958
387	116.54	276.07	2287	136.15	157.57	-202.77
638	143.4	247.22	1952	122.58	157.57	-146.114
2102	139.76	191.93	200	122.58	85.57	-168.647
859	157.71	255.76	1586	119.49	175.22	-14.4495
1479	116.54	191.93	1210	122.58	119.93	-14.0436
1971	147.04	212.24	598	125.8	157.57	-16.7104
931	132.61	238.43	1858	129.15	157.57	-12.7874
3379	113.75	220.78	2535	139.76	132.07	117.939
1688	136.15	212.24	1202	113.75	132.07	-24.3231
1806	150.66	204.07	962	122.58	157.57	-8.9437
1227	122.58	212.24	1535	136.15	140.24	-16.2291
5721	147.04	39.76	2185	132.61	132.07	-236.213
1883	143.4	204.07	811	119.49	148.78	-15.0143
1874	139.76	212.24	837	125.8	148.78	-14.0498
513	122.58	255.76	2636	125.8	148.78	-45.1717
2445	129.15	191.93	437	147.04	111.76	-15.7366
1761	116.54	183.76	849	157.71	157.57	-16.4818
2310	150.66	212.24	398	113.75	157.57	-29.6765
2260	132.61	183.76	357	143.4	157.57	-15.2433
1438	132.61	229.57	5856	119.49	132.07	25.2603
1188	164.36	229.57	1545	116.54	175.22	-13.5523
2531	136.15	204.07	3260	161.09	119.93	122.798
871	116.54	238.43	1580	119.49	132.07	-183.761
1045	136.15	238.43	1771	122.58	157.57	-13.4905
1049	132.61	229.57	1873	125.8	157.57	-11.1215
1157	154.22	212.24	1730	113.75	157.57	-18.2693
1415	129.15	191.93	1508	150.66	119.93	-189.062
1923	116.54	175.22	788	154.22	157.57	-12.6852
2140	125.8	191.93	633	132.61	103.22	-13.2512
985	150.66	204.07	1824	116.54	157.57	-13.5433
2897	129.15	255.76	2978	125.8	157.57	113.614
912	136.15	212.24	1887	129.15	148.78	-17.5628
1361	119.49	212.24	793	129.15	119.93	-188.7
3438	119.49	204.07	1840	150.66	148.78	157.73
3609	119.49	191.93	2582	136.15	60.07	100.946
1216	119.49	191.93	1470	122.58	119.93	-17.3464
2396	119.49	204.07	1017	136.15	76.78	-62.6048
2020	116.54	212.24	1525	139.76	103.22	-55.3059
1376	132.61	229.57	1067	125.8	157.57	-13.2014
1489	136.15	204.07	1303	122.58	132.07	-16.2955
1957	132.61	247.22	1586	116.54	148.78	-62.5953
2239	119.49	132.07	969	143.4	191.93	-232.865
391	143.4	247.22	2314	129.15	157.57	-13.6018
1966	119.49	212.24	1784	147.04	103.22	-70.0505
166	139.76	247.22	2410	125.8	175.22	-152.219
1331	129.15	220.78	1482	129.15	148.78	-11.3335
2128	119.49	175.22	585	154.22	157.57	-16.622
1277	113.75	204.07	1318	139.76	148.78	-13.7646
1073	143.4	212.24	1765	119.49	157.57	-11.7408
1944	136.15	204.07	669	129.15	148.78	-14.3025
2090	122.58	212.24	810	154.22	119.93	-220.987
2062	139.76	212.24	872	122.58	148.78	-27.9731
998	139.76	229.57	2376	113.75	140.24	-62.6454
1483	143.4	212.24	1295	119.49	148.78	-11.4227
2093	136.15	204.07	713	129.15	148.78	-11.9834
1564	119.49	220.78	1469	132.61	132.07	-35.0816
1490	139.76	229.57	1115	125.8	157.57	-13.1786
1282	143.4	212.24	1578	119.49	148.78	-12.9268
1925	122.58	204.07	829	139.76	148.78	-10.3899
1645	132.61	212.24	1488	119.49	132.07	-27.639
1433	116.54	13.57	5065	125.8	183.76	61.3694
1250	119.49	229.57	3485	161.09	119.93	-137.868
1309	125.8	220.78	1459	132.61	148.78	-14.1424
1253	132.61	204.07	1714	125.8	140.24	-15.8811
1078	147.04	238.43	1759	122.58	157.57	-14.4148
2344	122.58	204.07	344	154.22	140.24	-209.161
859	136.15	212.24	1776	125.8	148.78	-11.1439
3641	113.75	335.93	2550	136.15	175.22	96.7192
2377	129.15	238.43	2915	136.15	148.78	152.846
847	113.75	220.78	837	136.15	140.24	-169.426
1929	129.15	220.78	825	132.61	140.24	-183.944
1495	150.66	204.07	1325	113.75	157.57	-12.9861
2379	113.75	229.57	1325	154.22	119.93	-106.411
1697	129.15	204.07	972	136.15	132.07	-16.8756
681	119.49	220.78	746	143.4	183.76	-152.286
1355	139.76	204.07	1210	125.8	148.78	4.52832
4042	132.61	220.78	1616	132.61	148.78	122.186
717	154.22	238.43	1997	113.75	148.78	-222.688
1071	119.49	220.78	1663	136.15	148.78	-14.6857
2809	125.8	238.43	2647	136.15	148.78	142.927
3529	113.75	220.78	2441	143.4	140.24	122.727
2618	125.8	238.43	1166	113.75	132.07	-104.694
810	136.15	238.43	664	113.75	166.43	-162.211
888	157.71	255.76	1833	125.8	166.43	-174.802
868	119.49	220.78	1717	139.76	140.24	-17.5115
742	116.54	220.78	1182	147.04	119.93	-203.802
822	136.15	212.24	1939	132.61	148.78	-16.2136
817	129.15	204.07	1875	139.76	140.24	-18.044
1367	136.15	220.78	1432	122.58	148.78	-16.0094
1063	119.49	204.07	1850	143.4	148.78	-9.25965
3144	122.58	238.43	2869	132.61	140.24	106.34
1645	132.61	204.07	1302	119.49	132.07	-12.9302
2547	122.58	183.76	342	113.75	76.78	-13.6523
1347	129.15	247.22	1813	122.58	140.24	-59.7249
915	136.15	212.24	1768	122.58	148.78	-12.2012
2748	143.4	263.93	3066	125.8	148.78	119.755
1668	139.76	220.78	737	164.36	119.93	-214.692
879	139.76	212.24	1871	122.58	157.57	-11.6397
3542	132.61	247.22	2353	125.8	148.78	115.678
1403	116.54	204.07	790	122.58	166.43	-182.538
605	116.54	204.07	2363	139.76	140.24	-34.6079
2145	119.49	310.43	4850	122.58	157.57	50.2144
2577	119.49	212.24	643	132.61	132.07	-46.9486
1236	119.49	247.22	2340	122.58	140.24	-65.5017
970	119.49	212.24	1855	129.15	140.24	-202.644
3483	113.75	212.24	711	147.04	111.76	-111.851
2365	122.58	175.22	823	150.66	68.24	-230.711
2459	125.8	183.76	400	122.58	85.57	-12.8619
1456	139.76	212.24	1328	119.49	140.24	-13.9795
1661	125.8	204.07	1184	143.4	111.76	-32.2094
130	116.54	191.93	816	154.22	76.78	-179.419
855	143.4	247.22	1797	125.8	157.57	-13.5593
909	116.54	22.43	3955	113.75	191.93	-165.39
1726	143.4	247.22	1500	116.54	157.57	-45.0094
799	113.75	191.93	1234	154.22	119.93	-237.242
534	157.71	335.93	1623	119.49	183.76	-160.824
1426	136.15	220.78	1255	129.15	148.78	-11.4956
562	139.76	13.57	3194	119.49	191.93	-283.516
2234	154.22	148.78	526	125.8	166.43	-190.045
1477	161.09	238.43	697	125.8	175.22	-186.479
3090	136.15	132.07	515	125.8	191.93	-250.895
586	132.61	255.76	1597	139.76	157.57	-171.427
2335	119.49	238.43	1733	122.58	132.07	-94.0115
566	113.75	229.57	2310	136.15	157.57	-11.8628
1266	129.15	220.78	1480	132.61	140.24	-17.211
2399	147.04	335.93	3701	116.54	166.43	93.058
1240	143.4	212.24	930	129.15	148.78	-2.42889
1807	136.15	212.24	1008	122.58	148.78	-13.4116
2532	154.22	204.07	613	125.8	175.22	-224.502
2103	119.49	191.93	637	147.04	148.78	-13.5882
422	139.76	356.24	1721	122.58	191.93	-201.45
2755	139.76	276.07	3537	119.49	157.57	102.149
3967	147.04	212.24	1695	125.8	157.57	138.606
1372	157.71	132.07	1131	129.15	191.93	-163.859
809	147.04	204.07	1945	122.58	157.57	-13.8148
1507	136.15	220.78	2030	164.36	119.93	-62.3418
2260	129.15	191.93	563	136.15	157.57	-12.4552
1386	113.75	220.78	623	147.04	140.24	-171.344
576	132.61	204.07	2045	136.15	157.57	-9.98618
1293	136.15	204.07	1342	122.58	132.07	-13.3603
2263	125.8	191.93	580	143.4	111.76	-13.2113
1780	147.04	212.24	832	122.58	157.57	-14.8374
956	136.15	204.07	1927	122.58	148.78	-10.1026
1043	119.49	263.93	1946	125.8	148.78	-189.857
1428	113.75	212.24	1333	143.4	148.78	-14.2081
2618	147.04	335.93	3624	119.49	175.22	85.0382
1942	119.49	191.93	791	143.4	148.78	-12.6705
79	119.49	229.57	2787	139.76	157.57	-15.4682
953	116.54	212.24	1673	143.4	140.24	-18.4515
639	129.15	229.57	6846	125.8	140.24	7.9469
3723	147.04	238.43	2044	125.8	148.78	120.651
552	125.8	212.24	2052	147.04	148.78	-264.799
2118	139.76	204.07	426	132.61	148.78	-16.4048
986	129.15	229.57	1704	132.61	148.78	-15.876
3085	139.76	220.78	392	113.75	148.78	-67.9138
2663	129.15	220.78	345	129.15	175.22	-254.35
4203	154.22	204.07	1416	125.8	175.22	142.074
1597	157.71	220.78	975	119.49	157.57	-18.3702
913	150.66	220.78	1905	122.58	157.57	-17.0685
612	122.58	229.57	954	119.49	140.24	-168.184
710	122.58	220.78	1917	136.15	140.24	-16.4028
1522	116.54	204.07	958	139.76	148.78	-11.4
2046	157.71	191.93	543	113.75	175.22	-12.404
1013	129.15	229.57	1686	132.61	148.78	-16.6368
4846	143.4	220.78	1418	122.58	148.78	96.9394
1235	132.61	212.24	1200	139.76	183.76	-169.415
2405	136.15	191.93	455	164.36	119.93	-16.2065
1145	143.4	212.24	1539	116.54	157.57	-10.8616
580	116.54	220.78	2137	143.4	148.78	-17.4376
2359	125.8	183.76	286	116.54	85.57	-13.3516
261	132.61	356.24	1453	125.8	183.76	-160.87
599	139.76	212.24	1990	132.61	157.57	-13.0505
1618	150.66	191.93	902	116.54	157.57	3.81669
3105	113.75	301.57	4743	116.54	148.78	-20.5373
1706	143.4	191.93	995	129.15	175.22	-179.805
815	132.61	204.07	1942	129.15	148.78	-13.8839
2230	119.49	255.76	1885	119.49	132.07	-113.059
1096	150.66	229.57	1058	122.58	119.93	-201.803
1597	116.54	212.24	1470	139.76	132.07	-29.5149
810	139.76	238.43	2102	125.8	157.57	-13.7328
1179	125.8	229.57	352	161.09	119.93	-219.57
2090	143.4	204.07	364	147.04	140.24	-215.438
2646	136.15	356.24	4302	116.54	175.22	57.4536
1966	147.04	204.07	667	122.58	157.57	-12.0772
1577	116.54	247.22	402	122.58	148.78	-206.616
2811	147.04	229.57	868	116.54	166.43	-286.098
2246	136.15	191.93	447	164.36	119.93	-15.8249
2610	157.71	348.07	3539	116.54	183.76	107.568
676	139.76	238.43	1436	150.66	111.76	-231.677
1039	122.58	220.78	1670	132.61	148.78	-13.7414
1236	147.04	204.07	1531	113.75	148.78	-12.0083
1648	132.61	212.24	1077	132.61	140.24	-15.6758
213	122.58	204.07	1997	150.66	157.57	-15.6847
1862	122.58	247.22	684	116.54	157.57	-193.816
651	157.71	255.76	1989	122.58	157.57	-15.9051
1809	139.76	220.78	998	125.8	157.57	-16.861
1205	143.4	204.07	1627	116.54	148.78	-12.7703
674	143.4	204.07	1992	122.58	148.78	-23.3871
965	119.49	204.07	731	164.36	60.07	-206.153
1801	150.66	335.93	4116	119.49	175.22	128.103
1905	122.58	191.93	904	132.61	111.76	-14.6503
531	147.04	356.24	918	143.4	175.22	-263.585
540	139.76	204.07	2143	132.61	157.57	-13.9712
1765	161.09	238.43	1292	125.8	166.43	-213.415
2012	122.58	175.22	768	157.71	191.93	-13.9257
1120	132.61	212.24	1519	122.58	132.07	-161.913
665	132.61	47.93	2370	150.66	247.22	-224.994
1228	139.76	212.24	1397	116.54	148.78	-13.3507
1103	136.15	204.07	1324	122.58	132.07	-16.8267
2587	129.15	191.93	167	136.15	103.22	-13.715
2707	122.58	191.93	2860	129.15	76.78	119.751
1957	129.15	247.22	1631	116.54	148.78	-58.6729
997	116.54	212.24	1631	139.76	140.24	-13.7686
1588	136.15	212.24	1369	119.49	132.07	-206.254
2754	136.15	212.24	3249	164.36	119.93	104.553
1863	122.58	191.93	993	129.15	103.22	-15.9203
1582	119.49	204.07	1079	139.76	140.24	-16.0013
2242	122.58	204.07	573	132.61	111.76	-262.289
3533	116.54	191.93	492	143.4	148.78	-271.621
2091	129.15	204.07	599	143.4	157.57	-13.6344
1392	150.66	229.57	1499	119.49	157.57	-12.4779
1903	132.61	212.24	835	136.15	148.78	-15.501
840	157.71	255.76	1918	122.58	157.57	-16.3344
1622	136.15	132.07	707	125.8	183.76	-182.105
1438	132.61	238.43	1297	125.8	157.57	-29.9179
2010	143.4	212.24	740	129.15	157.57	-11.7391
1850	132.61	212.24	711	125.8	148.78	-13.1333
1752	150.66	212.24	1253	116.54	157.57	-14.054
1215	139.76	204.07	701	143.4	175.22	-174.41
2426	129.15	166.43	361	139.76	191.93	-12.9406
1704	119.49	212.24	1168	139.76	148.78	-10.8587
895	143.4	204.07	2934	122.58	148.78	-272.982
1634	116.54	204.07	986	154.22	140.24	-17.2335
2690	147.04	4.78	3947	113.75	175.22	73.1571
950	129.15	229.57	1526	129.15	140.24	-14.764
1272	136.15	220.78	1469	129.15	140.24	-16.286
540	116.54	247.22	1054	147.04	157.57	-175.001
2587	119.49	191.93	1080	154.22	76.78	-236.895
1266	119.49	212.24	1320	139.76	140.24	-13.0291
1500	157.71	212.24	1123	122.58	157.57	-14.9869
2029	150.66	229.57	1046	116.54	148.78	-41.0068
1619	143.4	229.57	1145	125.8	157.57	-17.8249
1841	157.71	157.57	780	116.54	183.76	-12.7966
1869	119.49	183.76	925	154.22	148.78	-12.1227
2916	143.4	220.78	265	129.15	148.78	-223.728
1545	122.58	212.24	1351	136.15	140.24	-14.3429
2425	125.8	191.93	507	139.76	103.22	-13.9559
555	157.71	229.57	1169	136.15	175.22	-238.57
869	129.15	263.93	838	125.8	148.78	-181.086
922	157.71	247.22	1635	122.58	157.57	-18.0957
2730	132.61	220.78	328	113.75	183.76	-219.647
589	136.15	204.07	2122	139.76	132.07	-223.927
3527	122.58	204.07	2692	147.04	85.57	99.0593
646	125.8	238.43	3047	116.54	132.07	-102.971
2537	116.54	212.24	678	139.76	132.07	-56.3799
1742	119.49	229.57	6296	150.66	111.76	-25.5202
1746	116.54	183.76	1094	113.75	111.76	-14.7568
988	125.8	255.76	149	122.58	140.24	-198.323
1556	139.76	220.78	965	125.8	148.78	-15.0632
2978	119.49	247.22	1107	113.75	140.24	-265.085
1437	139.76	220.78	1163	129.15	148.78	-17.3335
382	139.76	204.07	2106	129.15	157.57	-12.6864
2067	119.49	220.78	2307	161.09	103.22	-113.7
2567	132.61	229.57	861	116.54	140.24	-65.1665
1644	116.54	157.57	561	143.4	140.24	-181.048
1732	119.49	204.07	615	129.15	111.76	-197.672
1108	119.49	220.78	1598	139.76	148.78	-14.8511
704	116.54	220.78	968	125.8	140.24	-143.636
1881	129.15	204.07	749	132.61	148.78	-11.3983
3193	125.8	204.07	2728	147.04	85.57	108.587
2403	122.58	247.22	784	129.15	148.78	-253.938
628	154.22	238.43	621	164.36	204.07	-267.471
1559	154.22	220.78	997	122.58	157.57	-15.2351
611	143.4	247.22	1780	125.8	157.57	-15.2743
1035	136.15	212.24	1720	122.58	148.78	-14.561
961	116.54	204.07	2555	136.15	183.76	-257.751
2062	136.15	204.07	597	129.15	148.78	-14.7616
1277	125.8	247.22	1619	122.58	140.24	-190.163
3231	119.49	247.22	3162	129.15	140.24	79.2293
2797	113.75	13.57	2598	147.04	175.22	-13.7265
824	129.15	191.93	1119	139.76	68.24	-219.404
1752	122.58	204.07	1089	143.4	140.24	-17.7835
613	113.75	356.24	4132	116.54	175.22	-136.6
4017	119.49	191.93	2847	150.66	68.24	71.6218
1341	132.61	175.22	996	164.36	111.76	-192.91
2333	129.15	204.07	912	164.36	103.22	-64.3232
1371	136.15	204.07	1124	147.04	191.93	-204.012
1870	147.04	229.57	1026	116.54	157.57	-28.6392
1463	113.75	39.76	922	122.58	148.78	79.6244
1834	119.49	183.76	863	122.58	111.76	-173.401
1199	119.49	220.78	1689	139.76	148.78	-12.5519
976	129.15	220.78	2215	119.49	148.78	-198.837
1418	136.15	204.07	1354	122.58	132.07	-13.4892
1314	139.76	212.24	1410	116.54	148.78	-13.9815
1626	143.4	220.78	1012	119.49	157.57	-9.86067
1044	139.76	220.78	1026	122.58	148.78	-274.063
1376	136.15	238.43	1393	143.4	157.57	-206.66
1530	129.15	220.78	1987	161.09	119.93	-61.3723
1740	119.49	183.76	1074	125.8	111.76	-12.2308
1769	119.49	204.07	1164	122.58	111.76	-208.345
1606	122.58	229.57	1241	136.15	148.78	-185.17
2245	125.8	220.78	1822	164.36	111.76	-96.1039
555	157.71	212.24	2472	119.49	157.57	-40.0841
2534	147.04	263.93	2861	129.15	157.57	144.845
672	116.54	220.78	2130	136.15	140.24	-19.3607
768	122.58	247.22	7956	122.58	140.24	-68.6664
2621	125.8	183.76	523	136.15	85.57	-247.019
1000	125.8	229.57	1786	129.15	148.78	-12.3607
348	139.76	204.07	1955	143.4	175.22	-183.214
894	132.61	301.57	437	122.58	148.78	-238.226
2670	129.15	183.76	190	125.8	76.78	-16.6182
812	136.15	212.24	2005	125.8	157.57	-12.0914
2219	116.54	212.24	351	119.49	140.24	-193.641
1984	139.76	212.24	761	129.15	148.78	-14.5667
2264	113.75	204.07	833	147.04	68.24	-201.062
362	122.58	204.07	2266	132.61	157.57	-12.2598
1615	157.71	212.24	1169	119.49	157.57	-15.6816
1247	139.76	204.07	1651	116.54	148.78	-10.9881
3034	125.8	255.76	3122	125.8	148.78	108.077
1588	143.4	204.07	1110	116.54	132.07	-17.8353
2951	132.61	22.43	4372	113.75	183.76	19.844
648	119.49	247.22	4178	119.49	140.24	-141.668
1922	122.58	204.07	809	139.76	148.78	-13.0004
627	132.61	204.07	2072	132.61	148.78	-15.5656
2319	136.15	220.78	872	125.8	140.24	-40.9946
558	139.76	292.78	1212	139.76	175.22	-179.123
1103	147.04	238.43	1713	122.58	157.57	-15.0149
155	136.15	220.78	3575	125.8	157.57	-256.339
1117	136.15	13.57	1159	129.15	183.76	-256.668
5851	122.58	229.57	2071	119.49	132.07	-1.23435
1047	139.76	238.43	1264	116.54	148.78	-200.381
839	129.15	356.24	854	143.4	175.22	-234.418
527	113.75	220.78	2253	139.76	148.78	-16.6771
3903	122.58	212.24	3337	164.36	85.57	26.8026
452	132.61	238.43	2189	129.15	157.57	-16.8351
2310	129.15	220.78	4943	161.09	119.93	34.55
1019	154.22	220.78	793	129.15	148.78	-176.19
842	125.8	212.24	1846	136.15	140.24	-16.954
397	113.75	284.24	1261	150.66	157.57	-267.824
464	132.61	229.57	7123	125.8	140.24	-5.26449
1367	132.61	220.78	1301	132.61	140.24	-17.3192
1670	136.15	204.07	1003	122.58	132.07	-8.6186
616	147.04	255.76	2545	119.49	183.76	-245.511
1149	136.15	229.57	1393	125.8	148.78	-13.898
1142	147.04	204.07	1657	119.49	148.78	-13.1275
716	129.15	238.43	1884	132.61	148.78	-15.9644
921	125.8	212.24	557	161.09	119.93	-147.799
968	132.61	212.24	1810	125.8	148.78	-13.8797
2386	136.15	204.07	521	125.8	132.07	-35.169
2787	129.15	204.07	2977	147.04	103.22	126.377
1448	132.61	220.78	1360	129.15	148.78	-16.65
1784	122.58	191.93	932	136.15	111.76	-16.3598
613	113.75	247.22	2860	129.15	148.78	-44.1242
2368	136.15	191.93	432	129.15	166.43	-13.0499
1357	143.4	204.07	1450	116.54	157.57	-9.43881
749	125.8	255.76	2516	122.58	148.78	-51.4855
810	122.58	204.07	861	119.49	140.24	-132.699
1928	125.8	204.07	805	136.15	148.78	-12.7529
1607	113.75	191.93	1233	154.22	119.93	-210.376
1931	122.58	183.76	851	116.54	85.57	-21.6585
715	116.54	220.78	1978	139.76	148.78	-16.8806
210	136.15	238.43	1697	139.76	175.22	-234.468
1642	119.49	204.07	1091	132.61	157.57	-170.734
261	143.4	292.78	1807	113.75	166.43	-169.963
1884	150.66	204.07	617	122.58	157.57	-15.9506
995	132.61	204.07	1765	125.8	140.24	-15.1507
3796	132.61	191.93	1272	143.4	175.22	167.087
1290	119.49	238.43	1358	136.15	148.78	-182.647
475	139.76	204.07	2132	132.61	148.78	-16.1128
1635	139.76	255.76	470	122.58	132.07	-245.154
1748	119.49	220.78	1371	132.61	132.07	-41.7537
2569	132.61	212.24	4102	164.36	111.76	60.1128
2622	129.15	191.93	146	136.15	103.22	-12.7267
808	113.75	47.93	2012	119.49	204.07	-227.119
395	139.76	292.78	1046	139.76	148.78	-190.711
1073	116.54	220.78	1119	129.15	132.07	-179.766
2446	125.8	183.76	372	119.49	85.57	-14.6828
1527	125.8	220.78	1249	132.61	148.78	-13.0509
1026	136.15	204.07	1904	129.15	140.24	-15.9124
684	139.76	229.57	1474	125.8	148.78	-178.162
1438	150.66	229.57	1281	122.58	157.57	-14.9397
1184	132.61	220.78	1374	129.15	140.24	-14.4514
695	132.61	31.22	1989	113.75	191.93	-197.686
1267	139.76	255.76	1685	119.49	157.57	-29.0459
3691	116.54	204.07	4298	161.09	68.24	-35.8178
692	150.66	204.07	1836	116.54	166.43	-13.2226
2305	125.8	191.93	568	132.61	103.22	-11.6229
720	113.75	175.22	596	139.76	68.24	-213.385
404	147.04	327.76	2631	119.49	175.22	-201.461
1131	150.66	212.24	1144	113.75	148.78	-161.554
909	139.76	238.43	1702	125.8	157.57	-13.6511
1225	136.15	212.24	1269	119.49	140.24	-15.2017
678	122.58	39.76	1458	122.58	204.07	-232.957
1768	116.54	191.93	1010	116.54	119.93	-13.2412
1696	161.09	157.57	832	113.75	175.22	-11.9702
777	125.8	212.24	2265	139.76	132.07	-32.777
1838	132.61	204.07	938	129.15	148.78	-12.234
743	143.4	263.93	1862	113.75	148.78	-181.722
1248	119.49	191.93	1222	119.49	119.93	-12.0016
3072	119.49	204.07	388	136.15	119.93	-63.5623
1453	129.15	212.24	1396	129.15	140.24	-11.6873
676	143.4	220.78	1957	113.75	148.78	-189.351
684	125.8	229.57	2063	132.61	148.78	-15.3844
827	122.58	238.43	105	139.76	148.78	-169.02
1734	129.15	212.24	878	132.61	157.57	-7.92854
2101	132.61	255.76	1114	116.54	148.78	-203.676
1452	143.4	220.78	1140	125.8	148.78	-16.3177
1028	129.15	204.07	1707	132.61	132.07	-13.5037
3747	136.15	204.07	1559	139.76	148.78	146.599
586	129.15	238.43	2245	129.15	157.57	-13.5717
168	113.75	183.76	2339	125.8	60.07	-268.439
1648	136.15	247.22	1328	136.15	148.78	-258.213
1170	132.61	327.76	4726	125.8	175.22	130.452
3867	116.54	175.22	659	122.58	4.78	-131.688
2081	154.22	204.07	531	122.58	166.43	-16.4318
1186	122.58	238.43	1552	129.15	132.07	-191.083
1395	164.36	238.43	1454	119.49	157.57	-20.887
2138	125.8	191.93	705	136.15	76.78	-188.04
2957	113.75	212.24	866	143.4	119.93	-73.2967
3041	125.8	276.07	3687	119.49	157.57	65.8
3099	119.49	191.93	688	154.22	68.24	-79.3377
1966	122.58	175.22	672	113.75	76.78	-17.7346
1797	161.09	183.76	836	116.54	166.43	-11.5369
89	139.76	276.07	4683	122.58	157.57	-144.035
1371	119.49	220.78	1525	136.15	148.78	-12.1675
1520	122.58	175.22	1220	147.04	132.07	-258.252
1361	125.8	220.78	1392	129.15	148.78	-13.2155
1997	132.61	204.07	707	132.61	148.78	-12.034
2081	143.4	204.07	757	125.8	157.57	-14.9835
887	147.04	13.57	636	125.8	191.93	-225.323
1601	150.66	132.07	1280	116.54	191.93	-11.6486
1467	116.54	183.76	1268	119.49	119.93	-12.884
1043	132.61	229.57	2564	119.49	140.24	-68.7768
2188	125.8	157.57	563	143.4	191.93	-14.2672
934	119.49	247.22	1253	136.15	132.07	-184.077
1202	157.71	292.78	430	119.49	175.22	-187.166
1966	122.58	183.76	709	119.49	76.78	-19.0018
2973	113.75	301.57	4789	119.49	157.57	-4.89148
1721	143.4	204.07	787	113.75	132.07	-16.368
2030	116.54	204.07	923	139.76	132.07	-28.6124
1212	116.54	212.24	1298	147.04	140.24	-177.673
1130	147.04	229.57	1617	119.49	157.57	-12.5203
3127	113.75	229.57	2701	139.76	140.24	125.769
1489	136.15	204.07	1338	116.54	140.24	-14.4577
1187	116.54	204.07	1488	143.4	132.07	-18.1864
2364	132.61	183.76	412	143.4	157.57	-18.0355
1129	136.15	229.57	1573	129.15	148.78	-15.6097
1415	154.22	220.78	1545	119.49	157.57	-12.3838
2819	122.58	310.43	4487	119.49	157.57	20.2068
1837	119.49	191.93	969	113.75	103.22	-16.8326
363	161.09	220.78	1498	122.58	175.22	-169.852
1021	132.61	220.78	2277	119.49	140.24	-46.071
686	119.49	220.78	1573	119.49	175.22	-237.583
34	129.15	212.24	490	125.8	140.24	-156.861
2210	122.58	183.76	512	116.54	85.57	-13.6509
1239	147.04	229.57	1578	119.49	157.57	-12.3394
1047	147.04	212.24	1698	122.58	148.78	-189.008
816	161.09	284.24	948	129.15	148.78	-186.442
984	150.66	204.07	473	132.61	132.07	-162.36
1719	143.4	220.78	1031	122.58	157.57	-15.7543
1924	122.58	191.93	910	132.61	111.76	-13.3433
1286	122.58	204.07	1322	136.15	132.07	-16.3723
469	136.15	292.78	2010	122.58	175.22	-182.415
2340	136.15	175.22	728	125.8	157.57	-202.853
1343	119.49	204.07	1056	122.58	111.76	-14.1327
1737	132.61	212.24	1107	125.8	157.57	-10.1165
2992	132.61	238.43	2911	119.49	140.24	118.601
476	139.76	204.07	2402	125.8	157.57	-23.0334
1590	116.54	166.43	922	136.15	183.76	-183.575
1786	139.76	220.78	1008	119.49	157.57	-11.8463
1412	132.61	229.57	1351	129.15	148.78	-15.0533
722	143.4	255.76	1215	132.61	148.78	-166.294
4228	119.49	220.78	691	164.36	103.22	-177.33
957	129.15	229.57	1703	129.15	157.57	-14.0249
1930	139.76	255.76	889	125.8	157.57	-217.907
613	129.15	229.57	3313	116.54	140.24	-95.6629
1704	157.71	148.78	1181	113.75	183.76	-11.1012
1768	113.75	183.76	1279	119.49	76.78	-45.3459
1560	122.58	229.57	2710	161.09	111.76	-139.66
1995	125.8	191.93	740	143.4	140.24	-14.4115
1795	143.4	255.76	1299	116.54	157.57	-57.9839
564	113.75	31.22	5331	129.15	183.76	124.251
1162	150.66	212.24	1602	119.49	157.57	-14.1782
1113	122.58	255.76	2493	122.58	148.78	-68.0161
1355	147.04	229.57	1472	122.58	157.57	-12.621
790	147.04	212.24	1926	125.8	157.57	-13.2055
2298	125.8	191.93	501	139.76	111.76	-11.2816
2186	143.4	204.07	560	122.58	148.78	-23.4719
1763	139.76	276.07	3899	136.15	229.57	-266.59
930	125.8	212.24	1590	116.54	132.07	-178.066
260	143.4	255.76	2373	129.15	157.57	-15.9039
1430	119.49	204.07	1103	139.76	140.24	-26.3483
1034	139.76	229.57	1734	125.8	148.78	-13.9734
1189	136.15	238.43	1624	125.8	157.57	-20.0007
2102	125.8	220.78	1164	122.58	132.07	-206.47
2097	136.15	204.07	731	129.15	148.78	-13.6685
2446	129.15	191.93	388	143.4	103.22	-13.7275
1110	147.04	220.78	1856	119.49	157.57	-14.3428
2300	132.61	204.07	3024	139.76	119.93	152.025
1995	143.4	204.07	721	164.36	103.22	-224.15
2014	119.49	175.22	665	157.71	157.57	-16.5319
2597	129.15	204.07	3036	147.04	119.93	144.96
3190	116.54	301.57	4345	119.49	157.57	6.64351
384	150.66	31.22	2888	122.58	183.76	-44.3031
1461	139.76	220.78	1444	119.49	148.78	-15.1561
1153	113.75	284.24	1196	122.58	140.24	-247.08
2580	132.61	229.57	1154	113.75	140.24	-67.9514
830	116.54	183.76	2888	113.75	103.22	-272.923
1185	119.49	212.24	1650	132.61	140.24	-12.7983
2710	129.15	212.24	3713	154.22	111.76	85.1143
1162	122.58	220.78	1609	139.76	140.24	-17.2327
1762	136.15	212.24	913	129.15	140.24	-13.8751
627	154.22	255.76	2244	125.8	157.57	-13.7293
854	139.76	47.93	701	116.54	212.24	-209.496
828	139.76	175.22	707	161.09	191.93	-143.308
1074	147.04	229.57	1748	122.58	157.57	-12.8489
3218	119.49	191.93	2409	125.8	85.57	142.534
2215	122.58	175.22	479	147.04	191.93	-12.8781
1320	132.61	204.07	1359	125.8	132.07	-14.172
577	139.76	247.22	2199	129.15	157.57	-17.5207
174	116.54	204.07	3353	139.76	157.57	-61.2847
2581	113.75	229.57	1683	154.22	119.93	-109.737
3932	129.15	220.78	1731	136.15	140.24	126.139
1154	147.04	212.24	765	150.66	183.76	-187.756
614	119.49	327.76	1993	125.8	157.57	-222.427
778	116.54	4.78	3933	116.54	183.76	-159.582
172	132.61	238.43	969	119.49	175.22	-219.272
1976	125.8	204.07	1093	132.61	68.24	-279.669
2823	129.15	183.76	2686	122.58	148.78	-8.38746
454	116.54	238.43	2222	139.76	157.57	-16.2811
710	136.15	220.78	760	147.04	175.22	-145.988
1316	129.15	220.78	1488	113.75	175.22	-243.439
2056	119.49	166.43	755	150.66	191.93	-13.7262
1777	154.22	157.57	791	113.75	191.93	-11.939
1896	154.22	204.07	712	116.54	157.57	-17.0345
3255	161.09	335.93	3106	113.75	175.22	83.8725
1341	147.04	356.24	1144	113.75	166.43	-212.389
1605	122.58	238.43	1492	129.15	148.78	-39.552
529	119.49	204.07	285	136.15	220.78	-212.611
1724	161.09	183.76	902	116.54	166.43	-14.3632
1078	143.4	238.43	1666	125.8	157.57	-15.9858
695	129.15	301.57	1004	139.76	140.24	-269.606
927	147.04	212.24	1686	122.58	157.57	-15.0177
2226	164.36	22.43	3179	119.49	175.22	139.765
3353	116.54	212.24	404	147.04	119.93	-92.4017
2475	132.61	220.78	3817	164.36	119.93	81.2118
1343	154.22	22.43	1170	119.49	204.07	-244.479
838	125.8	183.76	1061	122.58	68.24	-190.086
1012	129.15	204.07	1627	129.15	140.24	-10.2761
2050	139.76	204.07	760	125.8	148.78	-13.3863
1311	143.4	204.07	1469	116.54	140.24	-16.932
2477	125.8	183.76	470	139.76	103.22	-12.2812
845	154.22	255.76	1640	119.49	166.43	-19.1246
1468	122.58	204.07	1386	139.76	132.07	-15.0382
1547	119.49	238.43	1920	122.58	132.07	-257.36
2641	161.09	4.78	3251	113.75	183.76	106.778
3208	122.58	191.93	2468	136.15	68.24	120.212
1015	132.61	238.43	2305	129.15	140.24	-272.993
1350	122.58	140.24	742	116.54	175.22	-191.734
2086	143.4	212.24	497	125.8	140.24	-25.2725
1544	154.22	229.57	1052	122.58	166.43	-14.6129
2758	132.61	238.43	1698	132.61	183.76	-86.4615
2638	136.15	204.07	633	136.15	157.57	-229.288
2068	129.15	47.93	4574	119.49	191.93	81.4352
1609	157.71	140.24	1031	113.75	183.76	-13.6794
1726	147.04	204.07	4108	116.54	140.24	122.009
2110	122.58	183.76	439	161.09	68.24	-158.374
1292	116.54	212.24	1474	139.76	140.24	-14.426
2410	136.15	183.76	348	143.4	85.57	-179.417
2386	164.36	356.24	3239	119.49	175.22	131.559
483	119.49	191.93	1380	122.58	111.76	-18.7595
1842	132.61	204.07	816	132.61	140.24	-15.181
801	139.76	212.24	1836	129.15	148.78	-16.791
2919	129.15	212.24	3193	154.22	103.22	104.784
990	119.49	247.22	1274	125.8	132.07	-178.003
2134	122.58	166.43	644	157.71	191.93	-17.8261
1451	129.15	204.07	1339	139.76	175.22	-247.383
1422	136.15	220.78	985	129.15	148.78	-15.9802
2816	136.15	212.24	1000	116.54	157.57	-253.376
2566	125.8	191.93	252	119.49	85.57	-10.8929
2298	129.15	191.93	439	139.76	157.57	-13.2969
1597	125.8	183.76	172	147.04	76.78	-126.726
774	136.15	229.57	2844	119.49	140.24	-66.5885
1482	116.54	191.93	4436	122.58	119.93	107.034
1470	129.15	204.07	1376	129.15	132.07	-10.9402
2225	132.61	132.07	457	143.4	183.76	-207.85
577	143.4	204.07	2200	129.15	157.57	-14.3091
1507	139.76	204.07	1158	113.75	140.24	-11.7532
736	143.4	255.76	1874	125.8	166.43	-14.8146
1703	125.8	220.78	1007	132.61	148.78	-13.7601
1269	161.09	247.22	1856	119.49	157.57	-197.086
2641	150.66	204.07	396	113.75	157.57	-44.1174
577	150.66	263.93	2035	125.8	157.57	-16.5129
1298	129.15	220.78	1213	129.15	140.24	-13.3403
1111	136.15	229.57	2155	119.49	140.24	-54.5331
1825	143.4	212.24	817	125.8	157.57	-14.9614
1813	113.75	301.57	1813	129.15	148.78	-264.722
583	147.04	310.43	1901	113.75	166.43	-162.977
1402	119.49	220.78	1392	161.09	157.57	-16.3488
133	150.66	255.76	2889	125.8	175.22	-11.1803
1244	147.04	212.24	1421	119.49	148.78	-16.7763
126	113.75	220.78	1884	116.54	183.76	-221.572
1335	132.61	212.24	1862	154.22	103.22	-235.388
658	139.76	310.43	2389	129.15	175.22	-198.675
1441	129.15	204.07	1260	113.75	148.78	-224.559
691	157.71	229.57	2334	113.75	157.57	-50.7465
1079	154.22	204.07	1838	116.54	157.57	-15.5825
1086	132.61	4.78	4744	125.8	175.22	119.644
1809	119.49	191.93	751	119.49	103.22	-17.4325
346	147.04	263.93	2488	129.15	166.43	-15.826
2219	119.49	204.07	681	139.76	157.57	-15.8988
1629	147.04	220.78	1192	122.58	157.57	-12.6473
703	129.15	247.22	1984	132.61	157.57	-17.7629
2982	113.75	229.57	349	143.4	103.22	-282.203
1741	125.8	204.07	988	136.15	119.93	-13.8034
1908	143.4	4.78	4325	119.49	183.76	105.025
1551	122.58	204.07	1219	143.4	140.24	-15.8958
1069	113.75	220.78	1848	139.76	157.57	-13.0513
756	136.15	204.07	945	122.58	76.78	-196.984
3689	122.58	212.24	3375	161.09	85.57	49.5349
1790	119.49	263.93	2324	113.75	140.24	-127.69
2202	122.58	191.93	543	143.4	157.57	-16.287
2440	129.15	191.93	262	147.04	103.22	-15.9613
996	116.54	175.22	1136	154.22	60.07	-226.479
2083	154.22	310.43	1219	136.15	132.07	-15.3438
217	132.61	327.76	2382	116.54	175.22	-163.494
1504	157.71	255.76	1309	116.54	157.57	-39.5765
1865	113.75	247.22	2406	116.54	140.24	-112.602
603	143.4	247.22	1995	125.8	157.57	-16.3705
947	147.04	276.07	1811	122.58	157.57	-182.049
1998	116.54	175.22	840	154.22	191.93	-12.8413
1573	119.49	327.76	1640	154.22	175.22	-263.118
1199	116.54	238.43	1683	132.61	157.57	-216.68
1858	122.58	247.22	3456	132.61	148.78	147.908
2818	125.8	191.93	178	119.49	85.57	-12.3777
676	139.76	247.22	1903	125.8	157.57	-12.4668
2159	119.49	183.76	681	113.75	103.22	-13.2327
846	132.61	238.43	1897	129.15	157.57	-12.3298
1879	116.54	183.76	792	157.71	157.57	-14.8875
4000	116.54	175.22	1586	154.22	191.93	139.327
957	132.61	238.43	1725	125.8	157.57	-12.3092
426	136.15	4.78	2910	119.49	175.22	-200.199
1953	116.54	183.76	865	116.54	111.76	-11.8619
364	116.54	284.24	1179	132.61	140.24	-216.404
434	147.04	255.76	2165	129.15	157.57	-15.4119
3162	125.8	238.43	2587	129.15	148.78	129.826
1591	164.36	191.93	845	113.75	175.22	-11.9161
2155	116.54	191.93	785	113.75	85.57	-19.4821
980	132.61	175.22	826	136.15	119.93	-153.331
2503	122.58	191.93	362	136.15	103.22	-19.4991
1779	116.54	191.93	1270	125.8	85.57	-38.5697
3250	119.49	301.57	3776	119.49	157.57	4.53973
1746	119.49	183.76	1015	116.54	103.22	-12.9779
1156	147.04	238.43	1490	122.58	157.57	-14.5902
1007	161.09	348.07	2689	119.49	175.22	-261.134
2671	116.54	175.22	442	143.4	157.57	-206.289
2270	119.49	191.93	795	147.04	103.22	-288.354
1002	143.4	238.43	1910	122.58	157.57	-13.2803
3501	157.71	310.43	2717	116.54	175.22	87.0662
1454	113.75	310.43	1405	113.75	148.78	-263.191
761	147.04	247.22	1971	122.58	157.57	-17.5176
524	147.04	238.43	2200	122.58	157.57	-12.2609
3055	122.58	238.43	2637	132.61	148.78	129.018
354	161.09	47.93	2195	119.49	157.57	-282.761
1960	122.58	191.93	861	147.04	119.93	-13.1407
1819	116.54	175.22	793	154.22	191.93	-12.3219
2505	125.8	238.43	1056	154.22	119.93	-263.104
3302	113.75	356.24	5157	116.54	175.22	-62.8737
2801	132.61	247.22	2975	125.8	148.78	132.37
1258	122.58	191.93	1339	132.61	119.93	-14.3531
234	119.49	319.22	1521	119.49	183.76	-186.31
1374	122.58	335.93	758	119.49	175.22	-268.675
686	122.58	238.43	1967	132.61	157.57	-14.3965
564	150.66	247.22	2185	122.58	157.57	-14.2947
615	143.4	356.24	2611	119.49	175.22	-200.658
3134	139.76	22.43	3981	116.54	183.76	33.2342
1091	122.58	247.22	820	143.4	148.78	-197.249
631	132.61	191.93	401	161.09	119.93	-126.081
2137	125.8	183.76	388	136.15	119.93	-4.6256
1115	154.22	238.43	1544	119.49	157.57	-14.1361
653	136.15	247.22	2037	129.15	157.57	-17.0175
4270	147.04	132.07	1598	132.61	191.93	112.29
824	132.61	238.43	1746	132.61	157.57	-11.3545
582	122.58	238.43	2182	132.61	157.57	-13.8975
1327	125.8	301.57	1405	119.49	148.78	-235.381
682	150.66	276.07	2081	119.49	148.78	-214.894
2572	125.8	191.93	185	136.15	103.22	-13.8685
