1610	139	217	0	0	158	0	0	172	102.227
1807	118	223	35	125	158	686	139	1	46.7011
245	136	172	755	143	1	590	121	1	106.568
668	125	165	76	161	210	723	132	1	107.06
1018	132	179	49	132	210	350	143	1	103.633
849	132	244	246	164	165	0	0	1	104.731
610	121	165	2089	147	145	0	0	165	19.9615
135	125	107	804	128	151	2463	143	1	-39.8198
107	128	165	850	125	1	572	147	1	105.47
791	125	179	445	147	1	249	147	1	104.937
983	139	354	546	115	165	0	0	1	68.2646
492	143	251	945	125	172	0	0	172	106.774
52	147	165	857	147	1	676	121	1	104.858
374	154	179	801	132	138	0	0	179	102.503
102	132	172	572	147	1	0	0	1	106.362
807	121	185	321	143	1	180	128	1	101.644
2489	147	217	1098	125	151	0	0	0	-23.4953
709	143	179	677	118	1	161	147	1	105.956
121	115	113	407	121	237	3304	132	1	-43.7755
1925	154	244	530	112	165	0	0	1	32.5876
130	136	158	637	128	185	586	136	1	107.746
924	143	210	76	112	172	590	128	1	106.305
373	143	172	73	121	179	1074	128	1	105.593
913	139	210	427	132	185	0	0	1	104.207
516	139	210	50	132	172	799	128	1	106.23
685	132	217	151	139	151	784	115	1	84.2796
95	164	179	350	121	158	1068	136	1	107.241
790	136	165	477	128	107	0	0	165	105.719
443	147	244	918	128	179	0	0	179	105.468
1091	139	179	34	128	172	262	132	1	103.435
542	125	151	87	125	237	2513	118	1	-9.35952
152	150	165	1101	136	1	185	125	1	106.757
697	136	179	452	125	1	153	143	1	103.076
475	143	151	883	139	185	0	0	1	103.258
585	147	223	500	128	158	0	0	1	104.969
669	121	185	755	147	113	0	0	1	105.182
1040	132	244	557	136	158	0	0	1	106.92
309	161	185	335	121	1	0	0	1	106.852
1041	143	223	243	136	165	0	0	0	103.272
976	112	179	99	139	158	777	150	1	79.6495
999	132	179	29	125	210	400	139	1	106.426
325	161	172	680	143	1	334	115	1	106.645
501	139	210	959	125	113	0	0	1	107.744
455	132	244	1128	143	179	0	0	179	104.308
392	143	217	726	139	179	0	0	1	102.064
2791	128	185	397	132	107	0	0	185	-12.1964
106	115	66	780	125	158	2123	115	1	-10.3388
1053	136	172	85	125	1	0	0	1	107.42
845	139	172	260	128	230	176	118	1	106.901
1136	128	179	242	136	1	215	143	1	105.392
811	136	179	288	112	1	293	147	1	104.775
196	136	172	734	136	1	530	143	1	103.429
850	147	217	206	132	158	0	0	0	104.275
527	128	217	464	139	113	0	0	1	105.952
184	112	172	652	132	1	415	157	1	103.822
720	139	172	908	121	185	0	0	1	92.7125
58	143	172	216	128	158	918	143	1	102.13
3785	112	223	152	136	107	0	0	107	-56.9298
242	154	165	924	125	1	469	143	1	105.489
680	136	244	656	125	185	0	0	185	106.796
340	139	237	389	132	158	0	0	1	103.1
798	143	210	565	128	113	0	0	1	104.267
365	125	165	912	132	86	0	0	1	106.3
467	128	138	161	118	251	2303	115	1	-11.4889
380	161	165	373	136	1	0	0	1	106.532
85	132	179	747	128	158	850	136	1	106.259
915	121	185	52	161	179	567	143	1	104.783
158	143	172	759	143	1	473	118	1	84.852
666	147	230	727	125	151	0	0	151	106.727
497	154	185	798	125	165	0	0	1	105.354
835	147	230	732	125	172	0	0	172	107.561
684	147	230	754	125	179	0	0	179	106.35
365	147	185	1085	136	113	0	0	185	105.478
372	143	165	577	125	230	427	150	1	104.56
1466	132	165	548	143	185	0	0	185	106.448
631	147	230	889	132	138	0	0	1	106.616
764	139	165	208	125	179	643	128	1	106.099
1071	115	217	849	136	100	0	0	100	41.3016
813	136	244	539	128	185	0	0	0	107.766
509	143	179	1135	128	100	0	0	1	109.529
428	136	185	588	132	1	381	139	1	103.43
199	125	165	1014	143	1	272	125	1	105.474
688	139	185	306	112	1	234	147	1	103.99
159	118	100	2035	125	217	555	132	1	12.3156
2153	157	244	548	118	151	0	0	151	23.4383
419	143	165	200	118	185	954	128	1	106.135
178	136	165	1048	132	237	254	136	1	105.592
715	147	230	621	121	172	0	0	1	106.119
692	136	244	650	121	158	0	0	1	107.317
652	121	172	627	147	1	209	150	1	106.701
840	121	172	461	143	1	148	161	1	106.378
42	115	179	923	139	158	216	143	1	103.552
273	128	172	42	150	185	1081	132	1	105.306
582	136	223	523	143	185	0	0	185	106.52
278	136	257	824	128	165	0	0	1	104.686
530	128	210	265	154	1	0	0	1	106.714
802	125	172	68	150	210	697	139	1	104.176
2460	112	251	15	121	138	716	118	1	-82.3507
3649	150	237	41	128	1	0	0	1	-49.1013
320	128	158	87	161	217	2157	118	1	34.4081
554	143	172	556	150	1	190	118	1	107.296
768	121	251	605	150	172	0	0	1	103.75
296	164	172	1050	132	1	94	125	1	106.579
659	147	185	510	132	1	260	125	1	105.333
570	136	179	776	132	158	0	0	1	104.722
1072	136	172	216	121	100	0	0	1	106.386
70	143	172	423	125	158	991	143	1	105.243
1020	150	179	502	125	113	0	0	113	103.109
558	136	237	1018	132	185	0	0	1	106.351
881	121	244	2485	139	172	0	0	0	-11.0718
323	161	165	745	136	179	133	121	1	106.696
2786	112	165	446	121	79	0	0	165	-27.4546
711	139	158	609	139	113	0	0	158	102.817
886	150	185	460	125	145	0	0	145	106.285
244	121	172	79	161	185	958	139	1	104.893
1856	118	223	11	147	1	0	0	1	38.0428
148	118	165	841	150	1	497	125	1	103.749
2760	112	244	213	136	145	0	0	145	-15.166
63	128	165	169	125	172	1000	139	1	107.442
876	132	210	691	139	100	0	0	100	103.527
446	132	244	1029	136	158	0	0	158	104.478
731	143	165	571	139	179	0	0	179	106.335
205	157	172	833	139	1	370	115	1	106.471
2274	121	217	526	139	107	0	0	1	6.36643
1102	118	244	93	115	151	720	139	1	57.8726
710	139	165	490	125	185	0	0	185	106.943
795	128	179	455	147	151	0	0	1	107.436
599	136	237	709	128	179	0	0	1	103.682
838	128	185	619	143	100	0	0	1	104.93
479	147	172	42	128	185	710	125	1	105.02
193	143	217	1011	139	158	0	0	1	103.718
800	136	210	293	121	165	0	0	1	104.873
1042	128	172	68	128	210	543	136	1	106.584
242	136	210	1983	143	172	0	0	1	32.7751
1195	132	257	331	128	165	0	0	1	106.54
133	147	158	363	143	172	789	132	1	104.172
855	128	172	394	132	151	0	0	172	106.785
748	121	172	688	143	86	0	0	1	104.683
802	143	179	510	118	1	167	157	1	103.762
13	118	151	462	143	172	736	132	1	102.796
133	161	165	944	139	1	558	118	1	106.108
2528	115	158	48	132	230	942	118	1	-24.407
43	125	172	392	115	86	1789	154	1	35.238
1107	128	179	407	143	1	193	121	1	106.979
577	147	185	476	121	113	0	0	1	105.232
140	121	151	703	128	179	768	139	1	105.831
860	143	179	396	125	158	0	0	179	104.485
912	125	179	227	136	1	172	150	1	107.694
358	121	151	3566	118	107	0	0	151	-66.8285
525	136	151	743	125	172	0	0	1	106.607
537	125	282	980	136	179	0	0	1	106.156
119	121	151	3080	115	237	181	154	1	-15.7218
1968	115	302	226	115	158	1248	118	1	-47.3514
523	143	185	381	132	1	0	0	1	107.051
136	164	179	695	118	1	550	147	1	106.376
1232	136	185	394	132	86	0	0	86	104.536
570	128	172	1006	136	113	0	0	1	106.208
9	125	179	591	139	151	780	132	1	103.6
126	147	179	330	125	158	977	132	1	91.6843
409	150	138	860	125	185	0	0	138	106.851
326	143	179	2652	115	113	0	0	179	12.1534
374	143	210	365	118	1	0	0	1	106.663
792	143	179	437	115	1	211	132	1	106.336
137	139	165	515	125	1	322	147	1	105.756
627	139	237	854	132	185	0	0	1	105.155
784	147	172	578	139	1	211	121	1	105.202
661	150	210	547	132	172	0	0	172	101.944
531	132	217	349	132	172	0	0	1	103.704
122	136	165	1261	132	1	317	125	1	83.8638
729	139	172	457	143	158	0	0	1	104.108
531	132	172	367	143	1	187	125	1	106.992
730	121	172	462	147	1	138	143	1	105.41
1015	136	185	21	125	1	0	0	1	107.044
895	121	179	578	147	1	168	154	1	105.363
1046	132	230	404	143	165	0	0	1	105.056
2483	147	230	435	121	179	0	0	1	19.1961
253	143	165	459	143	172	604	118	1	106.921
881	139	230	479	132	158	0	0	0	105.667
1565	143	179	824	118	73	0	0	179	36.381
1413	136	230	354	147	158	0	0	0	102.409
775	143	185	46	132	1	0	0	1	106.637
21	125	113	192	112	172	3205	136	1	-25.3191
236	128	179	1180	136	1	487	115	1	76.946
227	128	165	917	147	1	446	125	1	104.39
67	121	165	1101	132	1	287	143	1	105.722
852	136	165	499	150	185	0	0	1	105.486
127	157	172	1106	128	1	409	143	1	103.033
66	154	172	2806	128	251	982	128	1	-25.8906
944	139	244	620	128	151	0	0	1	104.739
495	128	230	1013	143	165	0	0	1	105.836
1022	128	244	498	147	165	0	0	1	102.574
448	136	172	1062	121	113	0	0	1	107.968
492	128	172	50	125	210	630	143	1	105.794
487	143	179	498	132	165	0	0	179	106.095
783	118	179	580	147	1	165	136	1	106.972
600	147	257	815	125	158	0	0	1	102.548
440	121	179	106	132	172	847	139	1	107.525
295	147	179	931	139	107	0	0	179	104.658
1931	118	257	613	125	145	0	0	1	14.4697
644	128	165	395	164	185	0	0	165	105.035
496	139	151	2528	118	107	0	0	151	2.61952
756	128	179	451	136	158	0	0	1	104.319
635	157	79	315	132	1	0	0	1	41.8292
575	139	251	818	132	185	0	0	1	103.089
850	132	244	500	136	179	0	0	1	102.529
422	139	210	83	136	172	746	139	1	102.519
2147	132	230	536	125	113	0	0	113	30.1531
695	143	172	439	118	100	0	0	1	106.807
2108	112	217	737	128	113	0	0	113	25.3865
71	115	158	972	150	1	243	128	1	102.01
796	143	185	41	132	172	457	121	1	105.442
611	147	217	544	136	179	0	0	179	102.621
791	143	185	585	139	165	0	0	1	104.235
872	150	172	526	125	107	0	0	107	102.493
1530	118	251	1858	118	79	0	0	79	-27.7633
200	132	172	716	121	1	627	147	1	106.011
111	115	158	1539	112	257	1345	143	1	-27.4146
135	143	179	382	118	113	1805	143	1	47
1341	136	309	298	128	172	0	0	0	74.3044
579	132	172	537	154	145	0	0	172	103.032
132	132	158	818	128	172	468	147	1	102.913
100	128	165	994	128	1	283	136	1	80.5607
361	143	172	1074	132	107	0	0	172	106.155
107	115	172	600	128	145	654	132	1	92.8739
421	115	172	801	139	185	0	0	172	105.938
1038	150	316	1965	143	66	0	0	1	-28.4552
756	147	165	262	125	210	868	128	1	93.6807
615	136	217	1534	125	172	0	0	172	55.966
962	143	165	315	125	151	0	0	1	103.534
523	150	210	772	132	172	0	0	172	103.424
228	132	172	496	157	165	654	128	1	106.435
713	118	179	430	147	1	132	157	1	107.132
1324	136	210	0	0	179	0	0	158	106.767
35	157	179	1081	128	172	339	136	1	106.563
792	139	172	338	115	1	260	150	1	103.62
728	147	244	624	121	165	0	0	1	103.209
454	143	172	221	136	1	0	0	1	105.952
230	143	172	815	147	1	372	121	1	103.622
64	161	151	1456	112	230	1805	112	1	-23.1309
55	115	158	872	132	179	547	143	1	106.36
867	132	230	400	143	158	0	0	1	103.742
646	139	251	569	136	185	0	0	185	102.348
540	136	172	1179	136	100	0	0	172	104.691
932	147	185	661	121	79	0	0	1	103
726	150	172	794	125	100	0	0	1	102.376
893	150	172	656	128	113	0	0	113	101.155
805	132	251	519	128	158	0	0	1	105.44
651	136	223	608	143	179	0	0	1	103.229
524	125	237	970	147	165	0	0	165	106.504
1202	121	165	501	154	1	110	128	1	81.529
80	125	165	803	147	179	692	125	1	105.456
853	147	217	446	128	172	0	0	1	104.228
398	161	172	194	143	1	0	0	1	105.972
819	125	217	466	136	151	0	0	1	106.903
160	147	179	1081	139	86	0	0	179	103.626
1392	136	230	0	0	158	0	0	179	104.728
145	157	172	962	121	1	539	147	1	104.421
24	115	172	446	147	165	1059	128	1	106.366
783	121	179	398	147	1	149	157	1	105.251
580	147	165	661	125	86	0	0	1	100.394
1180	136	179	235	128	1	177	128	1	105.994
527	125	210	2378	139	185	0	0	0	12.1104
250	128	179	1018	143	100	0	0	179	101.254
577	136	230	951	143	151	0	0	151	103.966
983	132	185	857	147	165	0	0	185	104.274
3018	112	172	132	125	107	0	0	172	-32.7722
581	125	165	902	143	100	0	0	1	104.186
517	132	172	406	125	1	234	157	1	100.662
456	147	179	693	147	113	0	0	1	101.391
244	128	257	1196	139	158	0	0	1	104.374
430	128	210	103	164	172	812	132	1	105.918
1021	136	230	120	125	165	0	0	1	105.771
350	161	230	983	136	179	0	0	179	103.302
541	136	244	887	128	151	0	0	1	103.819
1768	157	237	99	115	1	0	0	1	38.9095
514	121	217	373	161	172	0	0	1	105.882
778	128	185	80	132	158	532	136	1	105.718
788	132	223	499	154	179	0	0	1	102.848
53	115	158	541	147	179	923	128	1	106.255
561	147	237	442	125	179	0	0	0	106.069
1625	161	251	741	143	107	0	0	0	-25.1945
641	136	165	653	132	113	0	0	1	104.589
78	143	138	2102	112	185	376	136	1	18.9788
208	143	165	565	125	185	819	147	1	102.969
172	139	172	996	139	1	218	125	1	106.633
874	143	172	85	112	210	500	128	1	106.893
682	121	257	708	143	165	0	0	1	103.381
3112	115	289	219	112	165	0	0	1	-22.5754
960	128	210	674	128	179	0	0	1	27.7648
373	128	158	109	136	210	667	147	1	102.666
462	139	172	5	125	179	1297	132	1	106.236
771	125	244	537	143	172	0	0	1	106.461
35	143	138	2088	112	1	0	0	1	26.6718
608	125	237	921	147	165	0	0	1	106.348
779	147	257	586	121	172	0	0	1	105.698
288	150	165	318	125	185	950	132	1	88.0825
793	118	210	43	118	66	1691	136	1	11.2502
2800	112	210	352	157	145	0	0	1	-1.19124
551	136	158	480	147	1	242	128	1	102.507
644	147	172	111	139	1	0	0	1	104.445
470	154	210	855	136	165	0	0	1	105.041
527	136	172	429	121	1	212	150	1	102.852
103	118	66	2983	115	185	719	115	1	-83.2656
164	132	158	2448	128	1	105	150	1	23.2703
355	147	237	795	121	165	0	0	1	106.618
884	136	179	524	121	1	188	143	1	106.531
440	150	158	275	143	1	0	0	1	103.885
395	121	179	42	143	158	1726	139	1	62.4113
2807	125	251	115	136	1	0	0	1	-34.2745
191	139	165	576	121	1	577	147	1	104.748
1119	112	7	455	125	1	0	0	1	-35.0216
362	121	151	74	143	172	825	147	1	102.472
705	143	179	295	118	1	153	150	1	105.446
189	139	244	910	132	179	0	0	1	105.101
1175	128	257	387	132	165	0	0	1	106.711
627	121	179	423	147	1	165	147	1	103.253
931	143	244	287	125	165	0	0	0	105.788
376	118	185	702	143	107	0	0	1	105.978
436	143	210	209	125	151	507	139	1	106.445
741	136	165	474	154	185	0	0	1	100.644
303	154	230	693	143	165	0	0	165	106.11
855	136	210	426	128	165	0	0	1	105.077
632	143	237	793	128	151	0	0	1	103.903
164	121	165	675	128	1	376	150	1	104.738
861	121	165	332	161	179	0	0	1	105.613
453	150	145	851	128	185	0	0	145	106.702
903	139	179	489	115	1	235	164	1	107.415
61	112	179	2395	118	151	1246	115	1	-37.6332
974	143	179	598	118	1	111	150	1	105.626
1081	136	230	487	143	172	0	0	0	103.725
388	139	251	1047	132	158	0	0	158	105.147
2105	118	230	396	143	151	0	0	151	21.3614
920	132	179	383	157	165	0	0	1	106.457
771	136	210	667	136	113	0	0	1	103.946
837	154	210	383	132	165	0	0	0	103.931
111	115	179	628	143	151	402	132	1	102.656
1357	147	316	1179	118	172	0	0	172	31.3463
841	139	172	443	150	158	0	0	1	105.443
496	143	158	445	121	1	267	132	1	105.661
1438	112	244	1317	112	113	0	0	1	-26.4181
767	125	237	537	147	165	0	0	0	106.089
770	132	165	135	139	210	388	136	1	106.377
694	143	172	630	118	100	0	0	1	106.572
168	150	172	837	121	1	667	147	1	104.268
36	125	138	2648	139	1	0	0	1	10.4019
464	147	185	861	136	100	0	0	185	98.9447
622	147	138	85	118	1	0	0	1	90.5485
4	121	100	1938	154	1	0	0	1	33.2527
205	143	165	689	143	1	460	118	1	106.343
2729	112	230	548	139	113	0	0	113	-16.2338
909	143	172	384	121	100	0	0	1	103.555
338	125	230	146	125	107	3081	115	1	-41.719
505	147	210	588	128	138	0	0	1	107.048
151	147	165	666	147	1	641	121	1	104.797
11	121	165	984	147	1	123	128	1	104.566
911	136	165	175	125	185	0	0	1	103.428
562	121	179	874	147	107	0	0	179	104.641
1053	132	179	61	112	185	353	143	1	104.912
1082	128	185	510	150	1	142	128	1	105.057
2168	112	329	1318	121	165	0	0	1	-38.2596
1747	136	237	0	0	172	0	0	158	106.093
256	143	251	948	132	158	0	0	1	102.63
1520	139	185	84	132	172	0	0	1	106.174
586	118	185	654	139	100	0	0	1	107.498
923	136	165	392	147	179	0	0	1	105.287
499	132	158	42	161	185	992	128	1	105.111
59	132	158	349	136	1	0	0	1	84.5441
167	118	165	866	150	1	529	125	1	105.507
242	164	179	890	136	107	0	0	179	106.753
517	147	257	720	121	172	0	0	172	105.254
776	139	316	994	118	179	0	0	179	94.8102
843	143	185	209	128	100	0	0	100	102.403
2814	112	28	1497	136	107	0	0	107	-126.557
1661	121	165	1106	112	86	0	0	165	-25.4056
663	132	244	969	136	185	0	0	185	106.063
792	143	172	564	132	1	157	125	1	105.796
985	136	230	420	139	172	0	0	1	104.014
1023	128	185	78	136	179	489	147	1	104.761
709	136	251	851	132	158	0	0	158	106.384
2614	154	289	1042	121	1	0	0	0	-173.574
1779	157	21	706	112	185	0	0	1	18.474
1618	136	230	0	0	179	0	0	158	106.039
602	150	223	581	128	165	0	0	1	103.453
117	112	158	765	139	1	0	0	1	106.858
221	118	179	2128	128	1	0	0	1	-24.8527
196	128	138	160	121	185	992	139	1	106.625
380	128	165	341	143	210	628	147	1	102.872
3205	125	185	31	139	113	0	0	113	-12.6495
112	125	172	927	136	1	211	147	1	104.323
930	139	172	580	132	107	0	0	1	104.422
2670	128	223	174	150	158	0	0	158	5.96935
849	136	165	527	150	179	0	0	1	105.264
211	121	158	52	139	223	3290	118	1	-33.6499
1306	128	158	375	157	185	0	0	158	106.391
955	121	35	439	139	165	0	0	1	86.559
3044	118	223	360	128	107	0	0	107	-23.9334
809	150	179	510	121	1	194	143	1	102.432
43	125	179	670	128	151	490	143	1	105.875
534	136	230	967	132	179	0	0	1	107.01
455	154	145	3	125	217	2626	112	1	-0.179544
27	128	158	344	143	172	1010	128	1	105.932
166	157	158	666	143	172	679	118	1	106.595
680	147	165	833	121	100	0	0	1	105.786
35	125	179	465	132	151	889	143	1	103.202
217	161	165	886	143	1	159	121	1	101.62
152	132	172	2761	112	251	553	128	1	-17.9013
572	150	244	562	121	165	0	0	1	104.815
702	139	185	742	118	107	0	0	1	106.872
1473	136	185	314	121	1	280	147	1	77.3419
343	143	230	632	128	165	0	0	1	102.737
264	118	165	783	150	1	278	125	1	105.506
143	121	151	160	154	217	1940	121	1	44.3957
75	121	100	172	161	179	854	143	1	102.447
1655	115	41	1678	112	145	0	0	1	-25.9982
266	139	172	921	143	1	258	118	1	106.485
276	121	165	763	147	1	91	128	1	104.024
150	143	179	888	143	100	0	0	1	106.266
573	150	179	667	143	165	0	0	1	105.362
347	143	237	798	125	165	0	0	1	103.765
935	139	172	392	115	1	157	147	1	105.867
12	143	172	1079	143	1	0	0	1	102.667
192	112	172	1030	147	1	356	128	1	107.346
1011	139	172	321	125	1	244	157	1	102.776
1109	128	316	588	125	172	0	0	1	59.5642
6050	115	316	126	157	158	5324	136	1	-166.612
344	139	165	373	125	1	417	139	1	103.229
386	118	179	26	139	172	756	143	1	101.748
895	132	172	99	139	223	329	136	1	106.692
123	136	172	757	147	1	539	121	1	104.801
620	121	145	469	154	165	0	0	1	105.14
641	143	165	574	118	282	64	157	1	105.147
719	128	210	601	147	138	0	0	1	105.188
167	132	113	163	125	172	924	147	1	103.245
848	143	185	45	132	145	360	128	1	103.707
870	128	223	628	150	158	0	0	1	101.977
755	143	165	491	125	185	0	0	185	106.626
630	147	185	407	118	1	187	128	1	106.421
95	128	158	1025	132	1	0	0	1	105.244
816	150	179	807	125	113	0	0	1	104.95
681	154	230	410	128	172	0	0	0	102.805
151	136	172	1152	128	1	373	136	1	107.039
622	143	179	1023	121	86	0	0	179	105.61
913	150	165	440	132	145	0	0	145	102.1
595	125	151	12	139	244	1291	143	1	57.5892
334	136	217	778	139	158	0	0	1	102.833
14	128	107	1945	150	179	281	112	1	36.1995
500	125	165	615	136	179	0	0	1	105.68
910	121	179	421	143	1	190	150	1	106.845
172	121	172	512	143	1	0	0	1	105.585
1073	132	244	363	139	165	0	0	1	107.141
913	150	165	2790	121	179	0	0	165	104.414
654	139	158	843	132	79	0	0	1	102.716
573	147	223	745	128	145	0	0	1	102.426
850	136	165	187	125	179	0	0	165	107.182
128	118	172	990	132	1	504	154	1	104.431
861	125	179	503	147	1	143	150	1	103.031
678	136	251	802	128	158	0	0	1	104.363
1253	136	165	421	150	185	0	0	165	103.357
81	150	158	463	125	172	1125	136	1	107.29
482	128	230	1030	147	158	0	0	1	103.239
25	125	179	757	139	1	0	0	1	103.67
488	132	309	1311	128	165	0	0	165	87.5592
1485	136	223	0	0	151	0	0	185	106.454
220	147	158	1913	115	1	177	139	1	44.8891
1864	132	217	2587	121	79	0	0	1	11.1619
287	136	165	710	128	158	197	147	1	103.32
726	121	217	198	112	86	2492	121	1	-29.7283
992	136	223	539	143	172	0	0	0	102.708
804	150	179	433	125	1	162	125	1	103.07
140	125	172	872	150	1	408	128	1	103.542
583	125	185	483	150	1	250	115	1	106.772
692	147	165	460	132	185	0	0	1	102.822
1081	128	179	325	139	1	155	157	1	102.57
544	132	165	296	118	282	1165	132	1	45.3663
802	128	237	219	139	165	0	0	1	102.686
650	150	257	796	125	165	0	0	1	103.723
1016	136	179	131	128	1	227	164	1	105.103
864	112	172	440	132	1	246	161	1	87.7827
784	132	179	473	118	1	271	147	1	107.469
147	121	165	848	121	1	0	0	1	105.915
2936	121	257	55	112	151	922	118	1	-54.5997
93	125	151	154	128	172	779	147	1	103.636
1141	125	165	1224	139	86	4126	125	1	-178.7
857	139	179	53	132	185	514	121	1	107.518
530	132	179	180	143	185	539	128	1	105.711
867	157	172	272	139	1	197	118	1	95.4689
779	125	257	571	136	179	0	0	1	108.02
170	161	251	13	128	179	1173	132	1	106.532
121	132	179	767	128	151	472	139	1	106.145
795	121	210	92	112	1	0	0	1	-38.8136
453	132	210	67	112	172	942	139	1	107.063
117	118	158	862	132	172	406	147	1	103.518
952	143	179	374	121	1	199	157	1	104.27
28	125	151	298	132	172	1006	143	1	102.98
617	139	165	606	125	100	0	0	1	106.593
855	121	179	117	143	185	699	147	1	105.776
942	139	172	44	128	113	0	0	172	106.561
854	147	165	387	115	1	142	139	1	103.233
411	139	185	125	128	217	497	143	1	104.593
1099	136	179	170	125	1	198	136	1	107.405
244	112	230	29	128	138	3417	132	1	-37.0377
647	143	237	617	118	165	0	0	1	106.42
229	125	172	753	150	1	180	125	1	103.379
720	121	172	658	147	1	204	157	1	103.64
798	139	165	586	139	145	0	0	1	102.894
1018	143	185	265	136	1	124	112	1	104.671
538	132	172	366	118	1	286	157	1	103.292
719	136	172	588	139	138	0	0	1	104.326
18	125	172	464	121	165	1021	143	1	106.867
2399	143	217	75	125	165	0	0	0	36.0011
2931	132	217	789	118	79	0	0	1	-44.6528
304	136	210	338	136	165	0	0	1	105.975
576	143	172	502	125	1	302	150	1	102.833
148	136	210	978	139	113	0	0	1	103.418
775	150	179	684	125	1	120	112	1	104.972
955	143	172	439	121	1	164	150	1	103.065
411	132	217	1884	125	172	0	0	1	46.1519
1330	128	172	179	128	158	0	0	1	105.643
6279	121	14	0	0	151	0	0	172	-122.81
892	150	151	323	121	172	0	0	1	104.99
215	136	172	519	147	1	489	121	1	105.686
573	115	165	2304	139	151	0	0	165	0.795359
644	125	210	344	128	165	0	0	1	99.3457
609	143	185	84	139	179	388	118	1	107.199
617	136	7	1222	125	158	0	0	158	74.3048
1001	112	41	530	115	1	0	0	1	-33.4358
553	112	165	85	125	302	1873	143	1	6.48808
335	125	151	122	143	1	0	0	1	107.153
4361	118	223	62	115	1	0	0	1	-92.8609
2002	115	257	111	112	158	811	125	1	-8.86967
2232	143	217	137	128	151	0	0	0	37.2541
415	115	158	102	143	230	1656	143	1	53.1867
384	136	172	993	132	73	0	0	172	102.55
166	118	165	1117	143	1	391	125	1	107.66
1011	150	309	2628	112	223	0	0	1	-29.4437
688	128	185	271	164	165	0	0	1	103.31
722	143	172	570	132	185	0	0	172	106.831
832	125	237	750	147	172	0	0	1	103.211
468	139	145	617	132	165	0	0	1	104.669
806	125	295	688	139	185	0	0	185	104.196
408	147	172	959	136	145	0	0	1	104.228
861	136	185	305	125	172	0	0	172	104.509
688	143	185	176	128	1	0	0	1	107.837
403	125	151	1260	150	179	0	0	151	61.0774
1077	132	172	226	139	1	127	147	1	103.037
872	136	172	487	125	1	296	147	1	106.865
297	139	165	763	121	1	0	0	1	105.775
2406	112	295	1036	136	151	0	0	1	-28.5796
428	118	282	1007	139	165	0	0	165	106.902
1519	121	223	509	150	158	0	0	158	59.0648
582	125	185	981	136	100	0	0	1	107.354
380	132	210	496	128	165	0	0	1	104.358
775	125	172	61	150	185	623	147	1	102.112
928	143	179	548	118	1	146	143	1	107.846
986	143	179	311	125	1	195	139	1	103.672
111	139	179	2333	115	151	246	143	1	29.2499
36	136	107	1666	115	179	1445	112	1	-29.1993
657	125	172	397	164	1	259	143	1	104.587
605	112	158	103	118	257	2988	132	1	-46.8569
877	150	230	564	128	179	0	0	0	103.859
846	136	172	63	143	158	376	121	1	106.613
736	136	179	485	147	158	0	0	1	106.339
120	132	165	260	143	145	2044	125	1	39.3041
82	157	172	935	128	1	0	0	1	106.628
814	132	230	575	143	151	0	0	0	102.548
503	143	223	936	139	179	0	0	1	104.37
197	154	172	896	143	1	251	118	1	104.016
701	132	185	341	128	86	0	0	1	104.479
1763	115	185	336	154	1	175	132	1	49.7848
119	121	179	630	132	158	510	150	1	103.421
1047	139	185	94	154	1	0	0	1	105.893
753	143	172	153	121	1	171	154	1	102.429
653	128	172	556	147	1	201	136	1	107.801
512	143	210	1753	128	185	0	0	185	47.5231
1709	157	41	2101	143	251	0	0	1	-133.376
1203	121	217	390	136	113	0	0	0	64.2879
1264	147	185	0	0	151	0	0	172	105.174
439	143	179	1135	128	113	0	0	1	107.121
880	128	165	337	147	223	695	136	1	105.622
3283	112	302	619	139	165	0	0	1	-67.9844
647	115	217	89	121	100	4054	112	1	-105.615
570	121	185	1063	139	73	0	0	185	104.741
327	143	165	1195	136	66	0	0	165	106.858
614	132	172	332	161	1	252	112	1	103.974
2780	132	210	799	115	73	0	0	1	-37.8856
1068	132	179	225	139	1	197	143	1	104.185
268	136	179	951	139	113	0	0	179	105.511
463	139	244	1138	128	158	0	0	158	105.218
882	143	172	268	125	158	0	0	1	105.624
1020	125	179	39	125	210	542	147	1	106.041
778	125	179	59	125	172	545	143	1	106.389
63	147	165	1087	139	1	198	125	1	106.704
1083	112	165	428	118	329	1999	132	1	-30.4959
131	128	165	779	147	1	381	125	1	104.895
538	150	165	412	125	1	0	0	1	103.721
615	143	172	747	136	138	0	0	172	104.028
50	115	113	2604	128	244	341	115	1	-25.3991
263	115	172	688	132	1	466	157	1	104.167
575	150	185	898	136	165	0	0	185	106.675
482	121	223	646	128	179	0	0	179	106.194
2933	112	217	111	121	138	334	157	1	-11.8227
469	154	185	559	147	172	0	0	185	102.744
90	125	165	712	150	1	573	125	1	104.657
538	136	230	900	143	179	0	0	179	103.074
58	125	165	373	125	172	991	147	1	105.407
722	132	172	477	121	1	223	154	1	106.145
440	128	323	19	154	21	2411	157	1	-65.9981
617	147	185	502	139	1	229	128	1	101.838
480	128	210	699	143	158	0	0	1	104.534
27	128	158	621	143	179	863	125	1	106.267
2985	118	210	254	157	138	0	0	138	-7.17081
493	136	172	1215	164	158	0	0	1	69.2717
276	143	172	846	143	1	331	125	1	104.644
528	147	179	506	121	1	239	136	1	106.567
716	150	185	265	121	1	109	132	1	104.804
854	147	179	265	112	1	236	125	1	106.685
257	125	158	2286	128	1	849	115	1	-23.4867
421	128	165	797	132	107	0	0	165	106.572
1977	112	165	1471	115	66	0	0	1	-36.0815
1391	161	172	289	121	1	0	0	1	42.8817
171	112	165	936	132	1	374	150	1	104.963
3349	136	237	548	115	158	0	0	1	-46.7515
1717	125	172	730	125	86	0	0	172	15.3244
250	157	165	806	125	1	323	147	1	103.617
810	150	165	294	112	179	0	0	165	105.387
23	128	185	2073	112	145	952	125	1	-21.603
388	128	210	65	136	158	769	143	1	103.657
367	136	138	719	128	172	0	0	1	102.656
596	147	244	680	125	172	0	0	172	106.901
84	118	172	772	128	1	501	154	1	103.627
95	118	79	2681	139	172	176	115	1	-27.2806
441	121	244	735	143	172	0	0	1	105.986
634	128	230	798	150	165	0	0	1	104.699
149	128	289	1131	136	165	0	0	165	104.144
785	143	172	429	161	1	236	121	1	103.402
347	128	165	964	143	100	0	0	1	104.964
393	121	165	287	128	172	830	147	1	105.517
654	132	210	606	136	165	0	0	1	106.639
389	139	41	973	128	165	0	0	1	102.871
2536	115	217	55	157	165	385	128	1	18.0603
26	115	179	718	118	79	2027	132	1	6.66988
451	121	172	1476	150	145	0	0	172	65.098
490	150	217	689	128	151	0	0	151	104.683
823	128	217	410	154	165	0	0	0	103.507
579	136	210	464	121	172	0	0	172	106.382
661	143	237	668	125	158	0	0	1	106.544
1521	136	302	4100	128	165	0	0	1	-73.8456
843	132	185	248	112	1	281	147	1	105.729
956	136	172	193	132	100	0	0	1	102.887
182	147	165	808	125	1	348	139	1	106.636
142	128	244	1038	132	158	0	0	1	106.108
149	150	165	762	147	1	461	121	1	103.109
805	136	185	389	128	86	0	0	1	104.139
811	143	210	242	136	165	0	0	0	105.28
890	136	179	405	118	158	0	0	179	103.574
774	125	172	34	125	185	729	143	1	106.724
1051	125	172	340	143	1	226	154	1	101.416
2454	115	282	97	118	158	729	115	1	-48.1268
846	154	165	432	128	217	176	118	1	102.856
630	143	172	25	121	210	539	150	1	106.321
2266	118	172	764	118	79	0	0	1	-23.8265
818	147	289	1033	132	158	0	0	1	104.236
1525	161	257	261	112	158	0	0	158	50.8807
782	147	179	397	121	158	0	0	158	102.539
945	147	7	1061	121	179	0	0	1	39.3169
610	118	172	568	143	1	150	157	1	105.645
940	139	223	137	115	179	0	0	0	106.679
495	154	185	823	132	172	0	0	185	106.919
734	139	158	534	147	185	0	0	158	101.798
683	147	257	487	121	165	0	0	1	103.89
397	139	172	1096	132	86	0	0	172	103.288
805	147	179	588	118	1	160	154	1	104.177
293	164	179	811	118	107	0	0	1	107.552
837	125	179	133	136	172	524	147	1	104.761
3	121	151	439	139	172	1131	136	1	103.448
478	112	165	192	125	257	2673	118	1	-37.6398
1499	132	210	246	139	165	0	0	0	71.6146
62	132	113	257	161	179	923	136	1	103.438
623	128	185	54	128	165	765	143	1	103.167
1148	136	230	418	132	172	0	0	1	105.378
27	128	179	480	143	158	1073	136	1	103.625
713	136	217	675	139	113	0	0	1	103.526
836	139	185	445	118	165	0	0	1	106.975
1787	118	210	509	147	158	0	0	158	50.9063
44	128	107	3605	125	1	0	0	1	-59.1953
95	121	158	2228	112	14	1041	132	1	-20.6905
815	128	172	143	139	230	330	139	1	105.457
539	112	151	120	132	251	2549	118	1	-25.6005
2328	112	237	800	121	145	0	0	1	-0.832336
421	121	237	619	143	165	0	0	1	106.412
1000	139	165	284	128	107	0	0	1	103.398
952	143	179	250	121	1	194	136	1	105.318
685	150	230	598	128	172	0	0	172	105.409
131	115	165	967	132	185	444	154	1	105.762
89	125	172	2062	147	1	0	0	1	48.4148
402	118	138	105	128	210	886	139	1	100.407
310	157	165	1016	139	1	205	128	1	103.223
735	143	179	636	121	113	0	0	1	107.505
596	147	41	767	121	172	0	0	1	102.707
150	132	179	1042	118	100	1944	121	1	10.1779
421	132	210	300	118	1	0	0	1	103.747
196	112	179	1252	115	35	2163	121	1	-46.738
867	132	172	45	125	151	474	150	1	107.715
408	136	237	836	132	151	0	0	151	104.363
183	125	237	891	147	165	0	0	165	104.886
934	143	185	351	121	107	0	0	107	104.662
622	136	172	1661	118	145	0	0	1	49.3405
204	125	165	318	125	172	853	150	1	105.279
467	143	223	1946	125	179	0	0	1	48.0472
875	125	172	617	143	138	0	0	1	104.89
352	136	165	621	125	107	0	0	1	104.461
577	121	165	950	139	79	0	0	1	106.243
781	121	179	539	147	107	0	0	1	105.839
25	121	151	593	132	179	682	139	1	103.923
563	139	165	87	118	210	372	157	1	106.992
128	118	165	748	125	1	449	150	1	107.784
906	150	185	298	132	138	0	0	138	103.671
154	161	172	956	121	1	572	143	1	107.428
768	132	185	384	143	1	363	112	1	106.823
366	147	185	1107	136	113	0	0	185	103.6
865	136	179	249	154	165	0	0	1	102.921
694	147	41	1235	136	151	0	0	151	23.1405
529	125	223	690	147	158	0	0	158	107.341
47	125	179	146	143	158	867	136	1	102.334
860	143	165	536	125	179	0	0	1	104.992
1586	136	185	0	0	138	0	0	165	105.708
353	143	165	1006	139	179	1744	157	1	106.107
92	136	172	729	125	158	531	147	1	105.199
1039	118	257	982	128	165	0	0	1	54.656
876	125	179	480	147	1	193	154	1	105.833
754	125	179	521	150	1	117	115	1	106.389
1029	136	257	217	161	165	0	0	0	104.039
514	139	172	1731	115	145	0	0	1	45.7275
705	112	223	1881	136	100	0	0	100	0.71927
144	128	172	719	147	1	619	118	1	108.165
401	118	151	27	136	230	2140	136	1	28.6162
786	147	185	657	121	1	121	136	1	107.62
1099	128	172	249	136	1	206	147	1	105.552
175	128	138	122	112	185	889	143	1	106.498
562	147	165	414	132	151	0	0	1	105.936
77	128	185	627	139	165	955	128	1	106.792
1077	125	289	2306	112	244	0	0	1	-10.5097
384	147	172	239	154	1	0	0	1	103.623
809	125	282	421	139	165	0	0	0	101.197
885	136	165	498	157	179	0	0	179	104.474
102	128	158	615	139	179	623	125	1	106.65
92	136	185	416	132	158	830	136	1	105.634
1135	132	179	380	143	1	166	136	1	105.67
1001	128	179	543	150	1	172	112	1	106.088
529	121	145	2689	132	165	0	0	145	-26.7332
851	128	172	100	154	210	575	139	1	103.848
574	147	172	671	128	185	0	0	1	104.898
464	150	138	794	139	172	0	0	1	105.079
579	143	230	886	132	158	0	0	158	104.679
721	139	244	669	121	158	0	0	1	106.586
798	112	107	2791	112	66	0	0	1	-26.059
2072	132	309	553	112	165	0	0	165	-25.8612
130	147	165	1055	139	172	205	128	1	104.941
10	121	172	1078	139	1	0	0	1	107.429
731	132	230	471	125	172	0	0	1	66.4646
652	147	244	1150	147	113	0	0	113	-67.8579
1797	121	237	125	139	158	531	118	1	27.9132
603	136	230	732	139	145	0	0	1	104.379
964	143	185	138	128	107	0	0	107	106.201
405	136	179	1212	132	86	0	0	1	105.82
327	161	172	394	143	1	0	0	1	106.398
1109	128	179	435	139	113	0	0	1	107.058
124	154	172	1099	139	1	279	125	1	105.518
671	139	210	494	121	158	0	0	1	104.133
778	136	185	881	125	86	0	0	1	107.001
681	147	210	866	132	113	0	0	113	103.485
779	136	230	393	128	151	0	0	1	106.72
721	139	172	63	115	210	794	132	1	106.198
1166	136	210	0	0	151	0	0	179	105.72
154	139	172	770	118	1	715	147	1	106.64
804	118	230	622	143	172	0	0	1	105.825
518	154	179	739	132	165	0	0	1	106.197
546	125	172	47	128	210	792	139	1	107.191
411	139	210	811	128	100	0	0	1	104.924
625	143	237	472	125	165	0	0	1	106.415
748	136	244	763	125	179	0	0	179	106.223
4076	147	316	2047	147	100	0	0	1	-161.326
81	132	172	190	132	151	1749	143	1	57.11
1383	132	185	0	0	165	0	0	107	103.333
293	121	165	971	136	1	154	143	1	106.843
426	143	185	264	139	1	0	0	1	106.078
203	150	165	1043	121	86	0	0	1	99.7734
898	132	251	124	147	165	0	0	1	106.337
681	121	179	777	147	107	0	0	179	105.275
444	121	151	760	143	179	0	0	151	106.237
447	143	179	857	121	86	0	0	1	106.534
116	132	185	79	128	172	1043	139	1	104.186
517	157	165	458	118	1	0	0	1	103.001
1006	139	185	43	128	1	0	0	1	106.437
239	154	165	909	125	1	238	139	1	105.137
590	136	185	563	150	1	105	125	1	105.739
883	136	179	297	115	1	158	147	1	106.771
412	139	179	1080	125	100	0	0	1	107.461
762	136	185	304	112	1	236	154	1	106.042
411	136	165	1101	132	79	0	0	1	103.56
570	128	179	538	154	1	153	143	1	101.779
784	132	185	295	125	1	147	143	1	106.223
636	136	35	523	164	113	0	0	113	-194.64
58	136	165	1098	112	1	480	143	1	75.0674
2104	128	309	644	118	41	0	0	0	36.9645
1697	112	257	1774	115	113	0	0	1	-28.5337
1333	132	185	437	147	138	0	0	138	107.281
126	143	179	639	128	151	662	143	1	103.256
880	132	165	290	128	86	0	0	1	105.63
589	132	172	431	115	1	271	154	1	105.625
854	125	179	359	147	1	139	136	1	105.267
790	139	257	703	143	165	0	0	1	77.8332
962	139	172	402	115	1	267	164	1	106.248
1967	125	295	197	118	158	1011	115	1	-7.78019
173	150	172	746	143	1	700	118	1	106.863
76	161	172	716	143	1	459	121	1	104.585
698	121	165	257	143	223	390	143	1	107.159
237	150	244	1017	136	165	0	0	1	106.067
19	128	172	789	132	151	315	147	1	102.408
8	115	172	689	150	1	0	0	1	105.927
1069	136	172	26	161	165	151	132	1	103.509
760	125	179	551	150	1	197	121	1	106.588
755	128	179	511	154	1	220	121	1	103.088
520	139	210	218	139	158	0	0	1	105.2
702	143	35	936	121	185	0	0	185	104.734
649	139	165	602	132	107	0	0	165	102.33
1137	136	257	469	112	151	0	0	1	-203.037
490	132	172	1528	136	100	0	0	172	12.8112
1559	147	210	252	112	86	0	0	1	44.7839
848	121	179	362	143	86	0	0	1	106.044
650	150	185	467	139	172	0	0	172	102.992
96	112	86	386	139	172	1951	118	1	3.41301
354	125	237	819	143	165	0	0	1	107.674
770	139	230	747	128	151	0	0	151	103.646
1154	139	223	394	132	165	0	0	1	106.929
967	143	179	434	121	1	173	150	1	104.035
57	157	145	34	118	1	3950	115	1	-72.9474
349	143	223	1105	139	172	0	0	1	104.164
1318	132	185	305	154	113	0	0	113	105.465
369	143	237	821	128	158	0	0	1	105.159
584	150	185	537	125	138	0	0	1	106.551
932	128	172	226	136	100	0	0	1	105.721
951	128	185	203	143	113	0	0	113	106.265
442	157	165	744	125	185	0	0	165	107.077
695	128	179	641	136	1	164	147	1	107.378
244	147	172	977	128	1	258	139	1	106.247
451	125	165	575	132	179	0	0	165	103.026
1016	136	165	210	139	107	0	0	1	104.997
387	139	158	321	139	1	0	0	1	103.113
118	157	172	939	143	1	533	118	1	105.785
1970	121	316	1571	112	145	0	0	145	-26.7044
536	154	210	852	136	165	0	0	1	105.603
107	118	165	1129	136	1	335	147	1	103.293
407	132	172	1131	143	100	0	0	172	105.92
1132	128	185	360	139	1	187	143	1	106.041
560	125	172	256	125	210	690	143	1	106.4
173	154	172	1089	143	1	350	125	1	102.352
1682	154	237	623	118	179	0	0	179	53.019
2572	112	282	916	132	165	0	0	0	-28.1376
797	121	230	272	139	165	0	0	1	106.297
726	125	165	593	136	179	0	0	1	108.235
1997	132	237	582	132	151	0	0	151	37.3543
451	154	217	698	132	179	0	0	1	104.301
872	150	172	407	115	1	207	128	1	106.531
3602	115	210	79	121	107	204	157	1	-46.2859
278	164	223	903	132	172	0	0	1	105.434
443	132	165	39	132	185	1133	136	1	106.748
601	128	165	639	143	100	0	0	1	102.474
459	157	151	877	136	179	0	0	1	105.073
734	128	172	539	143	100	0	0	172	105.606
891	139	172	264	118	1	243	164	1	104.957
529	150	165	937	136	179	0	0	1	106.267
73	125	179	1731	112	158	1447	115	1	-33.4448
721	118	251	616	143	172	0	0	1	106.159
492	125	172	439	118	1	357	150	1	105.859
52	118	165	1261	136	1	289	128	1	75.4242
348	136	179	1160	132	66	0	0	1	105.154
118	161	158	2907	112	210	246	136	1	-13.3319
536	143	179	550	118	1	240	154	1	106.408
492	139	185	1143	125	73	0	0	185	106.069
609	136	172	222	143	165	789	128	1	107.731
954	143	257	300	125	172	0	0	1	102.717
925	136	179	226	150	1	128	121	1	103.576
481	125	185	190	132	1	0	0	1	107.386
185	125	172	721	150	1	541	121	1	106.977
508	143	282	976	125	165	0	0	165	104.219
999	125	172	404	143	1	152	161	1	104.826
55	121	158	807	132	179	353	143	1	105.14
618	118	237	535	143	158	0	0	1	107.371
491	128	165	2103	115	145	0	0	1	31.4638
657	139	165	377	139	151	0	0	1	105.687
852	125	237	106	132	172	897	154	1	82.7212
713	150	172	639	136	185	0	0	172	104.536
204	139	185	1070	128	100	0	0	185	105.503
73	143	165	803	125	179	561	143	1	106.144
902	118	179	808	143	1	134	147	1	106.56
629	136	165	387	150	185	0	0	1	106.417
2181	118	251	733	128	158	0	0	1	-4.51798
530	147	230	893	125	165	0	0	165	106.843
411	136	210	1029	136	113	0	0	1	104.132
823	147	172	409	121	107	0	0	107	107.934
101	136	172	765	128	151	589	147	1	102.019
103	121	158	936	132	172	349	143	1	104.622
924	132	172	72	128	210	446	136	1	106.209
924	143	230	348	128	158	0	0	0	106.956
978	136	237	424	139	158	0	0	1	105.447
1714	118	257	1194	115	179	0	0	0	-21.587
346	143	158	544	150	172	0	0	158	101.393
492	125	145	652	143	172	0	0	1	105.42
581	143	172	46	125	185	900	125	1	107.161
1673	150	217	241	121	185	0	0	185	63.0908
125	121	73	1638	125	179	706	115	1	8.53816
569	139	230	898	136	185	0	0	185	105.966
265	143	165	845	143	1	113	121	1	104.358
257	132	185	402	128	1	0	0	1	105.593
1134	125	179	479	143	1	132	136	1	107.232
3080	125	41	496	121	107	0	0	0	-227.992
612	136	179	555	147	1	135	128	1	104.188
289	125	165	671	150	1	279	121	1	105.586
201	118	165	993	150	1	352	132	1	102.273
145	147	172	997	121	1	580	143	1	107.903
793	121	185	48	154	172	569	143	1	105.927
762	128	210	87	115	73	1740	121	1	2.16254
146	136	172	1079	132	1	248	143	1	104.92
440	147	185	862	128	113	0	0	185	105.157
793	147	185	421	118	1	272	128	1	107.088
865	139	172	467	150	158	0	0	172	102.588
37	128	158	2269	112	210	984	121	1	-26.4461
958	139	237	576	128	185	0	0	1	105.686
1532	118	323	1726	115	158	0	0	158	-23.1448
771	143	151	157	132	172	0	0	1	104.637
361	143	158	1961	118	138	0	0	158	30.8862
864	132	172	81	125	151	498	157	1	107.874
654	132	210	898	136	113	0	0	113	107.456
641	125	244	803	147	172	0	0	172	106.008
1000	143	179	271	128	1	244	136	1	102.55
3210	118	244	104	125	151	366	118	1	-63.5354
1002	139	172	40	161	1	0	0	1	105.364
103	136	165	603	143	1	525	132	1	103.104
590	139	210	121	128	172	514	128	1	106.29
319	157	172	1017	132	1	122	125	1	108.331
121	136	185	545	121	145	811	139	1	92.0129
780	143	210	350	121	165	0	0	1	103.185
685	112	158	2476	128	145	0	0	158	-34.1385
243	132	165	3011	112	113	0	0	1	-37.4292
856	143	179	187	125	1	331	143	1	103.923
849	132	172	87	118	210	397	143	1	105.578
1493	136	223	0	0	151	0	0	185	105.463
621	157	179	413	118	1	166	128	1	103.368
7	125	151	591	132	179	666	136	1	106.692
780	150	179	497	125	1	176	128	1	103.32
422	121	151	967	139	165	0	0	1	105.794
114	150	165	924	125	1	401	139	1	106.196
524	115	151	113	115	257	3709	115	1	-103.165
825	139	158	373	112	185	0	0	185	106.861
671	139	100	434	121	1	0	0	1	58.2642
699	147	179	47	136	1	0	0	1	106.274
766	121	329	568	136	179	0	0	0	96.6869
736	136	251	616	125	185	0	0	1	105.581
120	115	158	1986	112	35	851	139	1	-24.2328
223	136	172	909	139	1	443	125	1	104.288
823	143	172	334	136	158	0	0	172	104.384
757	150	179	249	128	138	0	0	138	102.859
661	143	237	886	128	158	0	0	158	106.108
522	147	172	76	139	185	676	125	1	103.239
732	118	185	808	143	107	0	0	1	107.071
616	125	179	85	139	1	0	0	1	105.375
710	139	210	342	118	165	0	0	1	106.524
625	121	179	138	139	172	749	147	1	105.736
805	125	185	605	150	1	156	125	1	104.736
391	139	217	1603	128	172	0	0	172	57.67
873	136	165	634	136	138	0	0	165	106.355
625	143	251	737	128	158	0	0	1	105.543
1034	143	172	256	132	158	0	0	1	103.833
478	139	257	1080	125	165	0	0	1	106.653
974	115	66	2258	164	151	776	132	1	-24.1439
377	121	165	926	132	107	0	0	1	108.074
1516	132	244	412	112	151	0	0	1	46.9365
381	118	185	83	132	179	816	143	1	107.197
864	132	185	34	150	1	0	0	1	102.757
728	121	185	605	147	1	196	147	1	104.059
734	128	329	818	118	165	0	0	165	87.3655
609	132	179	443	125	1	268	143	1	106.691
907	132	165	184	143	210	313	115	1	107.368
812	121	179	452	147	1	159	154	1	105.6
260	136	244	959	139	179	0	0	179	103.583
24	132	158	548	125	179	909	139	1	106.3
916	112	158	847	136	179	0	0	158	86.5173
582	132	210	428	139	185	0	0	1	102.597
2363	121	217	656	136	107	0	0	217	1.23533
1002	139	179	287	136	113	0	0	1	105.69
962	125	172	450	143	1	86	164	1	105.633
1561	125	210	38	161	165	135	128	1	61.2921
1154	139	237	175	132	165	0	0	0	103.475
796	143	179	181	121	1	177	132	1	105.658
733	139	230	708	125	179	0	0	1	106.316
2406	112	165	34	125	217	928	128	1	-29.7812
5670	112	179	737	128	73	0	0	73	-272.426
676	128	230	558	150	165	0	0	165	105.444
741	132	165	697	132	100	0	0	165	106.898
384	143	217	126	121	172	846	143	1	107.325
156	150	138	2474	112	1	0	0	1	3.09674
1381	136	244	0	0	151	0	0	185	102.676
60	128	165	796	125	158	688	147	1	105.238
909	112	230	2505	125	172	0	0	0	-22.1094
911	112	165	838	125	179	0	0	1	33.199
134	143	158	5417	132	1	1736	143	1	62.7337
204	121	185	2197	125	165	0	0	1	43.3172
1016	147	172	311	125	100	0	0	1	103.998
234	128	172	1033	136	1	444	115	1	79.3274
1145	139	237	265	132	172	0	0	1	106.66
390	147	237	776	128	158	0	0	1	104.74
1588	121	237	1730	118	66	0	0	66	-25.2522
513	128	210	51	125	172	999	139	1	104.711
165	150	165	951	128	1	265	136	1	107.31
1756	118	302	964	115	165	0	0	1	-20.1069
1744	118	309	54	121	79	3291	115	1	-130.478
534	136	158	204	139	179	0	0	1	106.889
83	132	138	4171	115	1	0	0	1	-88.4629
335	143	138	3044	125	151	0	0	1	-25.3739
1109	128	179	299	157	158	0	0	179	106.307
17	128	113	192	139	185	925	132	1	106.96
368	128	151	910	147	185	0	0	1	105.006
281	128	165	776	143	107	0	0	165	101.965
516	143	165	896	132	138	0	0	165	107.034
6	132	165	1109	139	1	0	0	1	106.55
572	125	179	455	150	1	212	147	1	102.379
73	125	165	485	125	172	606	150	1	105.913
673	136	257	536	132	185	0	0	1	101.32
564	147	179	580	136	1	135	121	1	106.049
1075	132	179	297	139	1	271	143	1	105.881
292	143	172	655	139	1	486	128	1	104.492
493	136	179	531	125	165	0	0	179	105.159
31	132	179	521	136	151	841	132	1	104.123
416	125	251	866	143	165	0	0	165	105.27
539	150	185	808	143	172	0	0	185	107.385
480	143	237	579	128	158	0	0	1	106.3
1243	150	257	860	121	158	0	0	158	63.1379
1396	147	295	60	115	158	887	125	1	37.2697
867	139	172	211	118	1	196	157	1	107.318
689	136	251	791	125	185	0	0	1	106.478
76	121	165	1209	139	1	360	128	1	107.674
486	136	251	916	128	185	0	0	185	106.543
1065	136	237	311	143	165	0	0	1	102.333
90	121	138	646	125	179	2622	115	1	-26.1511
1474	112	217	126	128	107	1247	132	1	23.1196
599	150	185	241	128	1	0	0	1	103.036
571	150	165	681	121	179	0	0	1	105.97
903	150	237	714	128	158	0	0	0	102.898
71	136	185	550	125	158	645	136	1	106.605
931	136	185	269	150	158	0	0	158	106.7
20	136	158	391	128	172	1139	143	1	101.694
915	147	179	293	125	1	226	118	1	105.855
305	157	217	2072	115	165	0	0	165	35.5785
209	150	179	2102	118	145	0	0	179	33.5772
2822	139	295	1117	132	185	0	0	1	105.358
629	143	185	218	128	165	719	125	1	107.575
119	136	158	491	121	172	590	147	1	105.581
682	139	289	1022	121	158	0	0	158	100.707
950	136	179	492	118	1	242	147	1	106.73
257	147	185	734	143	100	0	0	185	105.688
860	136	237	503	143	151	0	0	1	102.761
441	132	185	381	150	165	0	0	1	102.934
597	136	165	2096	118	138	0	0	1	25.3166
1438	132	244	0	0	185	0	0	158	104.354
625	121	185	924	147	113	0	0	185	105.956
213	154	172	950	147	1	531	121	1	104.097
2153	125	179	702	118	73	0	0	179	-16.0135
606	136	244	853	132	158	0	0	158	107.012
151	125	185	571	132	151	672	136	1	105.81
715	143	185	478	118	1	139	150	1	105.742
653	154	165	627	118	172	542	139	1	106.909
1073	136	251	509	128	158	0	0	1	104.978
321	139	172	870	125	1	342	143	1	105.532
535	147	151	1528	118	172	0	0	1	64.494
1771	118	151	1558	121	73	0	0	151	-32.2539
705	136	179	322	112	1	261	143	1	106.49
410	154	145	801	128	179	0	0	145	106.158
1394	136	223	0	0	172	0	0	151	104.939
1179	112	165	2113	125	66	0	0	1	-34.8191
34	121	158	965	143	1	0	0	1	105.256
146	154	165	905	128	1	0	0	1	105.201
487	139	230	1027	136	179	0	0	1	104.805
441	139	210	692	132	158	0	0	1	103.247
112	118	66	990	115	7	2334	132	1	30.8555
100	121	113	1270	128	210	447	139	1	64.7623
334	128	251	962	136	158	0	0	158	105.309
2655	132	217	163	121	145	0	0	1	11.2985
339	143	172	898	136	113	0	0	1	101.612
473	154	223	421	125	165	0	0	1	103.075
229	128	257	1121	136	165	0	0	165	105.622
808	125	179	471	147	107	0	0	1	106.063
1604	132	185	0	0	165	0	0	107	105.513
399	139	138	2735	115	172	0	0	138	-6.69498
784	125	172	261	139	1	158	161	1	104.96
744	143	210	801	132	107	0	0	107	102.527
790	136	217	616	139	185	0	0	1	104.558
2525	132	210	690	112	86	0	0	1	-5.98683
370	143	179	1055	128	100	0	0	179	106.166
758	143	185	51	139	1	0	0	1	106.777
768	125	179	458	157	1	135	136	1	106.875
752	150	230	615	125	158	0	0	0	104.555
303	136	251	1073	132	165	0	0	1	106.797
918	136	210	489	157	179	0	0	1	104.205
95	128	172	154	128	158	1078	136	1	105.77
2117	125	145	4611	121	73	0	0	1	-259.505
454	125	158	27	132	179	876	139	1	106.924
812	132	172	616	147	1	146	139	1	105.621
982	132	165	1227	125	107	0	0	1	107.479
309	132	223	39	128	179	861	139	1	106.593
945	121	165	570	136	73	0	0	1	108.022
2450	132	151	2894	112	86	0	0	151	-147.575
1640	147	179	418	112	100	0	0	1	49.5773
747	128	244	696	136	179	0	0	1	105.325
729	125	179	662	150	1	150	121	1	105.868
94	136	165	888	125	1	440	147	1	106.07
652	136	165	425	128	107	0	0	1	104.624
650	132	172	756	132	113	0	0	1	107.161
46	164	172	1038	125	165	446	143	1	104.22
343	136	172	32	132	185	1060	128	1	106.569
631	147	210	228	136	158	0	0	1	103.726
149	125	158	2416	112	210	870	118	1	-27.4362
664	128	237	352	147	158	0	0	0	103.167
1098	128	244	417	143	165	0	0	1	104.458
103	132	172	1018	139	1	140	132	1	104.501
633	125	251	578	147	172	0	0	1	104.126
623	132	172	66	112	210	724	150	1	105.392
223	121	151	1461	143	179	0	0	1	61.7573
1053	121	179	587	147	1	125	128	1	106.924
772	128	179	447	154	1	226	118	1	105.018
485	157	138	713	139	179	0	0	1	104.159
1193	112	179	417	154	1	259	128	1	75.2809
611	139	165	852	136	138	0	0	1	104.894
2186	115	244	74	112	158	317	132	1	-5.54528
230	139	172	925	121	1	565	143	1	106.872
967	139	185	87	132	179	268	121	1	107.545
116	125	165	994	132	1	154	139	1	107.612
1079	143	179	416	128	1	104	121	1	104.829
1034	136	179	178	125	86	0	0	86	107.515
1022	125	185	566	147	1	92	128	1	105.919
936	125	244	418	136	165	0	0	0	106.376
752	118	172	541	143	1	220	161	1	105.99
143	128	179	436	128	151	942	139	1	106.021
166	139	158	932	139	179	214	125	1	105.99
25	112	138	2491	139	1	0	0	1	-4.07986
1	128	158	2864	132	1	0	0	1	12.6497
63	143	151	308	132	179	757	136	1	103.842
125	143	165	1020	125	1	367	139	1	106.765
466	132	172	49	139	210	766	139	1	103.987
170	143	172	647	121	1	554	147	1	105.693
465	143	151	840	136	165	0	0	1	105.231
634	128	185	716	136	107	0	0	185	106.844
109	112	179	2858	115	107	754	128	1	-41.9243
529	136	185	140	128	179	776	143	1	103.281
179	125	151	2	150	217	3843	112	1	-54.6039
1593	139	295	449	121	179	0	0	1	107.565
1079	143	179	59	125	1	0	0	1	106.112
1069	143	223	187	112	165	0	0	1	103.024
528	147	172	412	147	158	0	0	1	103.544
1356	139	179	741	128	79	0	0	1	42.8019
907	143	172	110	125	1	161	161	1	101.859
381	147	138	208	132	172	0	0	1	104.363
604	121	251	621	147	165	0	0	165	105.481
1149	147	14	2357	112	138	0	0	138	-30.1626
939	139	179	375	118	1	182	150	1	106.859
783	136	179	436	121	158	0	0	1	105.952
3403	118	257	296	125	158	0	0	158	-73.2167
312	150	165	2350	132	145	0	0	1	22.126
562	139	165	547	121	107	0	0	1	104.677
1057	132	230	349	143	165	0	0	0	103.782
83	112	100	1892	125	185	674	132	1	23.568
1027	136	179	233	147	1	196	121	1	104.684
1203	121	1	2152	112	145	0	0	145	-23.1741
50	139	151	1042	128	179	568	136	1	80.9441
534	147	179	605	139	1	113	128	1	106.324
983	121	316	2614	125	73	0	0	73	-122.395
447	150	145	783	143	185	0	0	145	105
871	136	165	510	132	113	0	0	1	104.41
1347	143	309	2062	112	289	0	0	0	-230.312
696	150	179	581	121	138	0	0	179	106.931
439	136	172	383	128	100	0	0	1	106.462
27	136	165	697	121	1	237	143	1	106.763
411	157	217	621	128	179	0	0	1	104.001
647	128	230	1042	143	179	0	0	179	105.53
395	118	145	1891	150	1	0	0	1	-240.759
486	136	210	107	112	1	0	0	1	105.411
606	139	158	22	128	179	539	132	1	106.617
492	128	210	716	132	165	0	0	1	104.144
637	128	179	725	154	113	0	0	179	102.238
259	136	244	1105	139	165	0	0	1	103.481
291	136	172	969	128	86	0	0	1	105.894
109	139	172	474	125	151	660	143	1	104.372
487	132	165	54	132	217	1991	121	1	34.8299
151	132	257	974	136	165	0	0	1	103.743
159	157	172	718	139	1	552	118	1	107.383
725	115	210	164	121	66	1558	121	1	7.71172
396	143	151	1740	121	165	0	0	1	34.837
502	121	172	257	150	1	0	0	1	105.822
196	139	165	868	121	1	636	143	1	106.63
685	128	244	627	139	151	0	0	151	105.449
924	125	244	480	147	165	0	0	1	104.206
465	139	210	816	143	165	0	0	165	102.876
2974	115	230	1008	132	113	0	0	1	106.446
154	157	165	999	139	1	162	125	1	103.763
800	121	179	377	139	100	0	0	1	104.593
558	139	165	634	125	100	0	0	1	103.46
111	125	210	2237	132	165	0	0	1	40.961
365	147	223	885	132	158	0	0	1	106.42
830	125	172	276	143	1	170	150	1	106.388
761	143	158	175	128	1	0	0	1	105.48
310	128	244	831	139	158	0	0	158	104.517
449	128	165	1011	125	158	179	132	1	71.9241
708	139	165	832	125	100	0	0	165	105.993
65	118	151	3627	115	237	226	157	1	-46.3798
769	147	230	379	125	165	0	0	1	107.284
134	121	151	82	154	210	2586	115	1	20.1963
503	143	172	301	164	1	223	115	1	106.625
234	128	237	2638	121	185	0	0	185	4.1344
2538	147	282	104	118	1	0	0	1	-14.7439
759	125	179	416	147	1	232	161	1	103.809
2404	112	230	671	139	145	0	0	145	-3.47082
768	136	172	739	136	158	0	0	172	95.515
417	125	217	972	147	165	0	0	1	106.951
53	139	158	955	139	172	537	125	1	106.514
690	150	185	10	115	172	900	125	1	105.383
300	118	172	936	147	1	95	136	1	104.23
1057	136	172	455	136	138	0	0	172	106.202
268	143	179	1738	143	165	0	0	179	60.8233
435	143	179	1824	139	151	0	0	179	58.2809
3333	115	237	92	128	107	158	121	1	-59.2638
195	139	185	1015	136	113	0	0	185	106.366
681	143	210	427	132	113	0	0	113	103.959
1185	128	251	162	154	179	0	0	0	107.11
384	147	185	838	136	107	0	0	185	103.285
548	143	282	586	121	165	0	0	165	105.168
140	147	151	1694	128	185	572	125	1	54.2798
216	128	165	553	143	1	400	125	1	106.255
645	150	230	507	132	179	0	0	179	103.205
1914	125	302	0	0	165	0	0	151	78.9508
155	115	179	988	139	1	609	115	1	72.2166
871	150	179	618	125	1	152	136	1	103.268
117	157	172	1070	128	165	343	136	1	105.779
11	121	172	2531	118	217	866	112	1	-25.3997
102	139	185	623	139	158	635	128	1	103.87
1733	121	237	1492	115	165	0	0	0	-24.5482
821	136	179	319	112	1	264	150	1	105.734
301	164	165	841	125	100	0	0	1	102.579
1673	128	295	165	118	172	748	115	1	3.59572
551	139	165	462	143	185	0	0	1	106.203
471	147	172	743	128	107	0	0	1	102.835
1009	136	185	280	132	165	0	0	1	101.74
99	154	158	939	125	179	532	143	1	104.207
833	143	179	501	139	165	0	0	1	104.618
129	121	158	930	139	223	257	143	1	101.687
559	136	165	616	136	138	0	0	1	104.666
1003	139	179	211	121	1	224	147	1	104.487
926	143	179	263	121	1	183	157	1	103.157
553	128	172	465	118	1	252	157	1	105.294
620	118	151	1823	132	165	0	0	151	20.0797
794	139	179	549	132	1	191	147	1	102.022
225	139	217	971	143	151	0	0	1	103.144
259	118	158	612	157	1	347	128	1	101.48
511	125	210	128	118	100	1881	139	1	30.5526
2195	121	172	609	118	100	0	0	172	-28.0882
61	125	151	762	143	1	0	0	1	106.39
606	143	165	434	132	145	0	0	165	104.69
79	125	172	1028	132	158	387	143	1	105.374
363	132	210	1013	132	113	0	0	113	106.213
208	143	237	112	136	172	871	128	1	107.285
197	132	179	1033	136	1	377	112	1	76.8483
88	157	179	788	139	158	590	121	1	105.244
749	132	165	280	147	179	0	0	165	105.356
529	128	230	610	147	172	0	0	1	104.88
653	143	244	906	125	179	0	0	1	106.142
1800	128	179	716	132	86	0	0	1	16.2766
132	118	172	336	125	158	681	147	1	106.365
919	125	282	506	139	165	0	0	1	106.061
361	147	138	818	132	158	0	0	138	106.823
752	143	210	759	121	107	0	0	1	104.863
709	150	210	311	118	179	0	0	1	103.296
235	121	165	765	128	1	391	150	1	105.839
728	132	151	56	143	145	67	112	1	-35.2231
567	132	165	298	125	172	617	150	1	104.596
647	128	179	596	150	1	275	143	1	105.967
1604	118	244	112	121	172	1819	115	1	-26.8019
855	128	165	460	143	257	137	157	1	103.191
1749	128	151	225	154	1	0	0	1	51.5348
271	154	158	386	125	1	0	0	1	105.908
876	139	257	594	121	158	0	0	1	105.722
661	139	210	754	132	107	0	0	107	104.694
291	154	158	2514	112	145	0	0	158	10.725
238	121	172	983	136	1	870	112	1	67.098
651	150	210	631	132	151	0	0	1	103.943
580	147	185	511	121	1	202	128	1	105.264
441	157	210	790	139	172	0	0	172	104.623
771	132	179	514	121	1	244	143	1	106.895
1431	112	86	59	115	1	0	0	1	-35.0267
1014	139	217	86	115	165	0	0	1	102.519
3127	112	172	91	125	302	770	112	1	-51.9771
595	150	185	492	125	1	223	143	1	106.225
571	132	223	1990	128	185	0	0	0	26.4469
2340	115	230	291	118	1	0	0	1	0.738534
339	154	86	2644	128	145	2327	136	1	-112.871
1530	112	217	627	132	145	0	0	145	55.6005
4186	150	217	447	128	100	0	0	1	-169.956
681	161	329	669	136	1	0	0	1	67.4549
663	125	172	60	112	210	639	147	1	106.927
149	157	165	778	121	1	679	147	1	104.373
451	132	151	1722	139	172	0	0	1	55.5253
780	147	165	207	125	1	0	0	1	104.535
2811	121	185	787	118	86	0	0	185	-44.5506
587	139	210	110	132	1	0	0	1	105.025
100	157	179	560	143	1	0	0	1	104.558
51	125	151	4412	136	282	2930	143	1	-245.779
1865	154	165	1422	161	179	0	0	179	54.5906
155	125	165	802	147	1	176	121	1	106.406
25	128	138	1679	147	172	462	121	1	58.6836
77	139	251	452	125	158	1026	143	1	103.889
17	115	100	1177	112	223	1895	118	1	-26.3786
11	121	172	1923	112	145	1467	136	1	-22.7484
440	139	151	769	147	179	0	0	1	102.769
127	132	158	652	150	172	663	128	1	100.817
953	125	257	404	143	172	0	0	1	106.123
1586	154	165	224	125	107	0	0	1	54.039
552	136	210	514	132	158	0	0	158	106.606
953	136	210	43	118	172	274	139	1	106.19
986	139	179	208	121	1	156	164	1	105.695
871	118	179	619	157	1	416	128	1	105.691
525	143	172	708	121	100	0	0	172	106.813
272	147	172	779	118	1	596	143	1	107.435
611	154	179	331	118	1	216	132	1	105.548
693	143	179	789	118	100	0	0	179	107.634
50	115	185	2717	115	230	589	118	1	-23.7384
998	139	179	366	118	1	217	161	1	107.017
610	147	179	490	121	107	0	0	1	105.301
446	132	172	625	136	107	0	0	172	106.11
1355	139	210	0	0	172	0	0	158	106.519
1430	147	179	662	118	107	0	0	1	62.7273
67	112	172	2393	115	100	1179	128	1	-25.7852
962	136	158	501	136	172	0	0	158	102.811
2540	132	289	1019	118	165	0	0	1	-29.4525
674	139	172	441	147	1	192	118	1	106.576
798	128	179	392	147	1	177	118	1	106.021
137	161	151	3428	112	217	260	125	1	-42.2555
1154	121	210	752	139	179	0	0	1	86.9588
45	121	179	599	139	151	750	132	1	103.242
200	121	165	517	128	1	361	154	1	101.664
219	157	165	980	128	1	268	139	1	104.69
356	121	185	31	132	179	811	150	1	103.374
2411	118	179	77	115	1	0	0	1	-18.3291
800	147	172	587	139	158	0	0	158	101.928
783	143	257	669	118	179	0	0	1	106.869
408	147	165	803	136	113	0	0	1	106.243
903	147	217	1413	118	172	0	0	172	69.7569
340	118	217	2284	147	172	0	0	0	-1.51299
765	136	158	393	161	1	202	125	1	103.646
707	121	230	628	143	165	0	0	1	107.156
377	139	230	1038	132	158	0	0	158	107.369
83	128	107	268	143	230	2567	112	1	-9.21121
514	115	179	535	139	1	241	164	1	107.996
513	125	172	13	150	185	606	143	1	102.639
694	139	230	674	136	179	0	0	1	101.936
162	125	210	51	150	179	977	136	1	106.364
527	150	230	639	128	165	0	0	165	106.144
2097	115	302	94	121	158	880	118	1	-48.072
9	125	151	559	128	179	791	147	1	102.09
40	154	185	542	128	158	632	132	1	106.829
