1610	139	212	0	0	247	0	0	265	102.227
1807	119	220	35	125	247	686	139	1	46.7011
245	136	265	755	143	1	590	122	1	106.568
668	125	256	76	116	204	723	132	1	107.06
1018	132	273	49	143	204	350	143	1	103.633
849	132	247	246	164	256	0	0	1	104.731
610	122	256	2089	147	230	0	0	256	19.9615
135	125	111	804	147	238	2463	143	1	-39.8198
107	129	256	850	125	1	572	147	1	105.47
791	125	273	445	147	1	249	129	1	104.937
983	139	348	546	116	256	0	0	1	68.2646
492	143	255	945	125	265	0	0	265	106.774
52	147	256	857	147	1	676	122	1	104.858
374	154	273	801	132	222	0	0	273	102.503
102	132	265	572	147	1	0	0	1	106.362
807	122	281	321	143	1	180	147	1	101.644
2489	147	212	1098	125	238	0	0	0	-23.4953
709	143	273	677	119	1	161	129	1	105.956
121	116	119	407	154	238	3304	132	1	-43.7755
1925	154	247	530	113	256	0	0	1	32.5876
130	136	247	637	129	281	586	136	1	107.746
924	143	204	76	113	265	590	129	1	106.305
373	143	265	73	154	273	1074	129	1	105.593
913	139	204	427	132	281	0	0	1	104.207
516	139	204	50	143	265	799	129	1	106.23
685	132	212	151	139	238	784	116	1	84.2796
95	164	273	350	122	247	1068	136	1	107.241
790	136	256	477	129	111	0	0	256	105.719
443	147	247	918	129	273	0	0	273	105.468
1091	139	273	34	147	265	262	132	1	103.435
542	125	238	87	150	238	2513	119	1	-9.35952
152	150	256	1101	136	1	185	125	1	106.757
697	136	273	452	125	1	153	143	1	103.076
475	143	238	883	139	281	0	0	1	103.258
585	147	220	500	129	247	0	0	1	104.969
669	122	281	755	147	119	0	0	1	105.182
1040	132	247	557	136	247	0	0	1	106.92
309	161	281	335	122	1	0	0	1	106.852
1041	143	220	243	136	256	0	0	0	103.272
976	113	273	99	139	247	777	150	1	79.6495
999	132	273	29	150	204	400	139	1	106.426
325	161	265	680	143	1	334	116	1	106.645
501	139	204	959	125	119	0	0	1	107.744
455	132	247	1128	143	273	0	0	273	104.308
392	143	212	726	139	273	0	0	1	102.064
2791	147	281	397	132	111	0	0	281	-12.1964
106	116	60	780	150	247	2123	116	1	-10.3388
1053	136	265	85	125	1	0	0	1	107.42
845	139	265	260	129	229	176	119	1	106.901
1136	129	273	242	136	1	215	132	1	105.392
811	136	273	288	113	1	293	147	1	104.775
196	136	265	734	136	1	530	143	1	103.429
850	147	212	206	132	247	0	0	0	104.275
527	129	212	464	139	119	0	0	1	105.952
184	113	265	652	132	1	415	157	1	103.822
720	139	265	908	122	281	0	0	1	92.7125
58	143	265	216	129	247	918	143	1	102.13
3785	113	220	152	139	111	0	0	111	-56.9298
242	154	256	924	125	1	469	143	1	105.489
680	136	247	656	125	281	0	0	281	106.796
340	139	238	389	132	247	0	0	1	103.1
798	143	204	565	129	119	0	0	1	104.267
365	125	256	912	132	85	0	0	1	106.3
467	129	222	161	119	255	2303	116	1	-11.4889
380	161	256	373	136	1	0	0	1	106.532
85	132	273	747	129	247	850	136	1	106.259
915	122	281	52	116	273	567	143	1	104.783
158	143	265	759	143	1	473	119	1	84.852
666	147	229	727	125	238	0	0	238	106.727
497	154	281	798	125	256	0	0	1	105.354
835	147	229	732	125	265	0	0	265	107.561
684	147	229	754	125	273	0	0	273	106.35
365	129	281	1085	136	119	0	0	281	105.478
372	143	256	577	125	229	427	150	1	104.56
1466	132	256	548	143	281	0	0	281	106.448
631	147	229	889	132	222	0	0	1	106.616
764	139	256	208	125	273	643	129	1	106.099
1071	161	212	849	136	103	0	0	103	41.3016
813	136	247	539	129	281	0	0	0	107.766
509	143	273	1135	129	103	0	0	1	109.529
428	136	281	588	132	1	381	139	1	103.43
199	125	256	1014	143	1	272	125	1	105.474
688	139	281	306	113	1	234	147	1	103.99
159	119	103	2035	150	212	555	132	1	12.3156
2153	157	247	548	119	238	0	0	238	23.4383
419	143	256	200	119	281	954	129	1	106.135
178	136	256	1048	132	238	254	136	1	105.592
715	147	229	621	122	265	0	0	1	106.119
692	136	247	650	122	247	0	0	1	107.317
652	122	265	627	147	1	209	125	1	106.701
840	122	265	461	143	1	148	116	1	106.378
42	116	273	923	139	247	216	143	1	103.552
273	129	265	42	125	281	1081	132	1	105.306
582	136	220	523	143	281	0	0	281	106.52
278	136	263	824	129	256	0	0	1	104.686
530	129	204	265	122	1	0	0	1	106.714
802	125	265	68	125	204	697	139	1	104.176
2460	113	255	15	122	222	716	119	1	-82.3507
3649	150	238	41	129	1	0	0	1	-49.1013
320	129	247	87	161	212	2157	119	1	34.4081
554	143	265	556	150	1	190	119	1	107.296
768	122	255	605	150	265	0	0	1	103.75
296	164	265	1050	132	1	94	125	1	106.579
659	147	281	510	132	1	260	125	1	105.333
570	136	273	776	132	247	0	0	1	104.722
1072	136	265	216	122	103	0	0	1	106.386
70	143	265	423	125	247	991	143	1	105.243
1020	150	273	502	125	119	0	0	119	103.109
558	136	238	1018	132	281	0	0	1	106.351
881	122	247	2485	136	265	0	0	0	-11.0718
323	161	256	745	136	273	133	122	1	106.696
2786	113	256	446	122	76	0	0	256	-27.4546
711	139	247	609	139	119	0	0	247	102.817
886	150	281	460	125	230	0	0	230	106.285
244	122	265	79	116	281	958	139	1	104.893
1856	119	220	11	147	1	0	0	1	38.0428
148	119	256	841	150	1	497	125	1	103.749
2760	113	247	213	136	230	0	0	230	-15.166
63	129	256	169	125	265	1000	139	1	107.442
876	132	204	691	139	103	0	0	103	103.527
446	132	247	1029	136	247	0	0	247	104.478
731	143	256	571	139	273	0	0	273	106.335
205	157	265	833	139	1	370	116	1	106.471
2274	154	212	526	139	111	0	0	1	6.36643
1102	119	247	93	116	238	720	139	1	57.8726
710	139	256	490	125	281	0	0	281	106.943
795	129	273	455	147	238	0	0	1	107.436
599	136	238	709	129	273	0	0	1	103.682
838	129	281	619	143	103	0	0	1	104.93
479	147	265	42	147	281	710	125	1	105.02
193	143	212	1011	139	247	0	0	1	103.718
800	136	204	293	122	256	0	0	1	104.873
1042	129	265	68	147	204	543	136	1	106.584
242	136	204	1983	132	265	0	0	1	32.7751
1195	132	263	331	129	256	0	0	1	106.54
133	147	247	363	143	265	789	132	1	104.172
855	129	265	394	132	238	0	0	265	106.785
748	122	265	688	143	85	0	0	1	104.683
802	143	273	510	119	1	167	119	1	103.762
13	119	238	462	143	265	736	132	1	102.796
133	161	256	944	139	1	558	119	1	106.108
2528	116	247	48	143	229	942	119	1	-24.407
43	125	265	392	116	85	1789	122	1	35.238
1107	129	273	407	143	1	193	154	1	106.979
577	147	281	476	122	119	0	0	1	105.232
140	122	238	703	129	273	768	139	1	105.831
860	143	273	396	125	247	0	0	273	104.485
912	125	273	227	136	1	172	125	1	107.694
358	122	238	3566	119	111	0	0	238	-66.8285
525	136	238	743	125	265	0	0	1	106.607
537	125	276	980	136	273	0	0	1	106.156
119	122	238	3080	116	238	181	154	1	-15.7218
1968	116	301	226	116	247	1248	119	1	-47.3514
523	143	281	381	132	1	0	0	1	107.051
136	164	273	695	119	1	550	147	1	106.376
1232	136	281	394	132	85	0	0	85	104.536
570	129	265	1006	136	119	0	0	1	106.208
9	125	273	591	139	238	780	132	1	103.6
126	147	273	330	125	247	977	132	1	91.6843
409	150	222	860	125	281	0	0	222	106.851
326	143	273	2652	116	119	0	0	273	12.1534
374	143	204	365	119	1	0	0	1	106.663
792	143	273	437	116	1	211	132	1	106.336
137	139	256	515	125	1	322	147	1	105.756
627	139	238	854	132	281	0	0	1	105.155
784	147	265	578	139	1	211	122	1	105.202
661	150	204	547	132	265	0	0	265	101.944
531	132	212	349	132	265	0	0	1	103.704
122	136	256	1261	132	1	317	125	1	83.8638
729	139	265	457	143	247	0	0	1	104.108
531	132	265	367	143	1	187	125	1	106.992
730	122	265	462	147	1	138	132	1	105.41
1015	136	281	21	150	1	0	0	1	107.044
895	122	273	578	147	1	168	122	1	105.363
1046	132	229	404	143	256	0	0	1	105.056
2483	147	229	435	122	273	0	0	1	19.1961
253	143	256	459	143	265	604	119	1	106.921
881	139	229	479	132	247	0	0	0	105.667
1565	132	273	824	119	68	0	0	273	36.381
1413	136	229	354	147	247	0	0	0	102.409
775	143	281	46	143	1	0	0	1	106.637
21	125	119	192	164	265	3205	136	1	-25.3191
236	129	273	1180	136	1	487	116	1	76.946
227	129	256	917	147	1	446	125	1	104.39
67	122	256	1101	132	1	287	143	1	105.722
852	136	256	499	150	281	0	0	1	105.486
127	157	265	1106	129	1	409	143	1	103.033
66	154	265	2806	129	255	982	129	1	-25.8906
944	139	247	620	129	238	0	0	1	104.739
495	129	229	1013	143	256	0	0	1	105.836
1022	129	247	498	147	256	0	0	1	102.574
448	136	265	1062	122	119	0	0	1	107.968
492	129	265	50	150	204	630	143	1	105.794
487	143	273	498	132	256	0	0	273	106.095
783	119	273	580	147	1	165	139	1	106.972
600	147	263	815	125	247	0	0	1	102.548
440	122	273	106	132	265	847	139	1	107.525
295	129	273	931	139	111	0	0	273	104.658
1931	119	263	613	125	230	0	0	1	14.4697
644	129	256	395	164	281	0	0	256	105.035
496	139	238	2528	119	111	0	0	238	2.61952
756	129	273	451	136	247	0	0	1	104.319
635	157	76	315	132	1	0	0	1	41.8292
575	139	255	818	132	281	0	0	1	103.089
850	132	247	500	136	273	0	0	1	102.529
422	139	204	83	136	265	746	139	1	102.519
2147	143	229	536	125	119	0	0	119	30.1531
695	143	265	439	119	103	0	0	1	106.807
2108	164	212	737	129	119	0	0	119	25.3865
71	116	247	972	150	1	243	129	1	102.01
796	143	281	41	143	265	457	122	1	105.442
611	147	212	544	136	273	0	0	273	102.621
791	143	281	585	139	256	0	0	1	104.235
872	150	265	526	125	111	0	0	111	102.493
1530	119	255	1858	119	76	0	0	76	-27.7633
200	132	265	716	122	1	627	147	1	106.011
111	116	247	1539	113	263	1345	143	1	-27.4146
135	143	273	382	119	119	1805	132	1	47
1341	136	310	298	129	265	0	0	0	74.3044
579	132	265	537	154	230	0	0	265	103.032
132	132	247	818	129	265	468	147	1	102.913
100	129	256	994	129	1	283	136	1	80.5607
361	143	265	1074	132	111	0	0	265	106.155
107	116	265	600	129	230	654	132	1	92.8739
421	116	265	801	139	281	0	0	265	105.938
1038	150	319	1965	143	60	0	0	1	-28.4552
756	147	256	262	125	204	868	129	1	93.6807
615	136	212	1534	125	265	0	0	265	55.966
962	143	256	315	125	238	0	0	1	103.534
523	150	204	772	132	265	0	0	265	103.424
228	132	265	496	157	256	654	129	1	106.435
713	119	273	430	147	1	132	157	1	107.132
1324	136	204	0	0	273	0	0	247	106.767
35	157	273	1081	129	265	339	136	1	106.563
792	139	265	338	116	1	260	150	1	103.62
728	147	247	624	122	256	0	0	1	103.209
454	143	265	221	139	1	0	0	1	105.952
230	143	265	815	147	1	372	122	1	103.622
64	161	238	1456	113	229	1805	113	1	-23.1309
55	116	247	872	132	273	547	143	1	106.36
867	132	229	400	143	247	0	0	1	103.742
646	139	255	569	136	281	0	0	281	102.348
540	136	265	1179	136	103	0	0	265	104.691
932	147	281	661	122	76	0	0	1	103
726	150	265	794	125	103	0	0	1	102.376
893	150	265	656	129	119	0	0	119	101.155
805	132	255	519	129	247	0	0	1	105.44
651	136	220	608	143	273	0	0	1	103.229
524	125	238	970	147	256	0	0	256	106.504
1202	122	256	501	154	1	110	129	1	81.529
80	125	256	803	147	273	692	125	1	105.456
853	147	212	446	129	265	0	0	1	104.228
398	161	265	194	143	1	0	0	1	105.972
819	125	212	466	136	238	0	0	1	106.903
160	129	273	1081	139	85	0	0	273	103.626
1392	136	229	0	0	247	0	0	273	104.728
145	157	265	962	122	1	539	147	1	104.421
24	116	265	446	147	256	1059	129	1	106.366
783	122	273	398	147	1	149	119	1	105.251
580	147	256	661	125	85	0	0	1	100.394
1180	136	273	235	129	1	177	147	1	105.994
527	125	204	2378	136	281	0	0	0	12.1104
250	129	273	1018	143	103	0	0	273	101.254
577	136	229	951	143	238	0	0	238	103.966
983	132	281	857	147	256	0	0	281	104.274
3018	113	265	132	150	111	0	0	265	-32.7722
581	125	256	902	143	103	0	0	1	104.186
517	132	265	406	125	1	234	157	1	100.662
456	129	273	693	147	119	0	0	1	101.391
244	129	263	1196	139	247	0	0	1	104.374
430	129	204	103	113	265	812	132	1	105.918
1021	136	229	120	125	256	0	0	1	105.771
350	161	229	983	136	273	0	0	273	103.302
541	136	247	887	129	238	0	0	1	103.819
1768	157	238	99	116	1	0	0	1	38.9095
514	122	212	373	161	265	0	0	1	105.882
778	129	281	80	143	247	532	136	1	105.718
788	132	220	499	154	273	0	0	1	102.848
53	116	247	541	147	273	923	129	1	106.255
561	147	238	442	125	273	0	0	0	106.069
1625	116	255	741	143	111	0	0	0	-25.1945
641	136	256	653	132	119	0	0	1	104.589
78	143	222	2102	113	281	376	136	1	18.9788
208	143	256	565	125	281	819	147	1	102.969
172	139	265	996	139	1	218	125	1	106.633
874	143	265	85	113	204	500	129	1	106.893
682	122	263	708	143	256	0	0	1	103.381
3112	116	284	219	113	256	0	0	1	-22.5754
960	147	204	674	129	273	0	0	1	27.7648
373	129	247	109	136	204	667	147	1	102.666
462	139	265	5	150	273	1297	132	1	106.236
771	125	247	537	143	265	0	0	1	106.461
35	143	222	2088	113	1	0	0	1	26.6718
608	125	238	921	147	256	0	0	1	106.348
779	147	263	586	122	265	0	0	1	105.698
288	150	256	318	125	281	950	132	1	88.0825
793	119	204	43	119	60	1691	139	1	11.2502
2800	113	204	352	157	230	0	0	1	-1.19124
551	136	247	480	147	1	242	129	1	102.507
644	147	265	111	136	1	0	0	1	104.445
470	154	204	855	136	256	0	0	1	105.041
527	136	265	429	122	1	212	150	1	102.852
103	119	60	2983	161	281	719	116	1	-83.2656
164	132	247	2448	129	1	105	150	1	23.2703
355	147	238	795	122	256	0	0	1	106.618
884	136	273	524	122	1	188	143	1	106.531
440	150	247	275	143	1	0	0	1	103.885
395	122	273	42	143	247	1726	139	1	62.4113
2807	125	255	115	136	1	0	0	1	-34.2745
191	139	256	576	122	1	577	147	1	104.748
1119	113	4	455	125	1	0	0	1	-35.0216
362	122	238	74	143	265	825	147	1	102.472
705	143	273	295	119	1	153	125	1	105.446
189	139	247	910	132	273	0	0	1	105.101
1175	129	263	387	132	256	0	0	1	106.711
627	122	273	423	147	1	165	129	1	103.253
931	143	247	287	125	256	0	0	0	105.788
376	119	281	702	143	111	0	0	1	105.978
436	143	204	209	125	238	507	139	1	106.445
741	136	256	474	122	281	0	0	1	100.644
303	154	229	693	143	256	0	0	256	106.11
855	136	204	426	129	256	0	0	1	105.077
632	143	238	793	129	238	0	0	1	103.903
164	122	256	675	129	1	376	150	1	104.738
861	122	256	332	161	273	0	0	1	105.613
453	150	230	851	129	281	0	0	230	106.702
903	139	273	489	116	1	235	113	1	107.415
61	113	273	2395	119	238	1246	116	1	-37.6332
974	143	273	598	119	1	111	125	1	105.626
1081	136	229	487	143	265	0	0	0	103.725
388	139	255	1047	132	247	0	0	247	105.147
2105	119	229	396	143	238	0	0	238	21.3614
920	132	273	383	157	256	0	0	1	106.457
771	136	204	667	136	119	0	0	1	103.946
837	154	204	383	132	256	0	0	0	103.931
111	116	273	628	143	238	402	132	1	102.656
1357	147	319	1179	119	265	0	0	265	31.3463
841	139	265	443	150	247	0	0	1	105.443
496	143	247	445	122	1	267	132	1	105.661
1438	164	247	1317	113	119	0	0	1	-26.4181
767	125	238	537	147	256	0	0	0	106.089
770	132	256	135	139	204	388	136	1	106.377
694	143	265	630	119	103	0	0	1	106.572
168	150	265	837	122	1	667	147	1	104.268
36	125	222	2648	139	1	0	0	1	10.4019
464	129	281	861	136	103	0	0	281	98.9447
622	147	222	85	119	1	0	0	1	90.5485
4	122	103	1938	122	1	0	0	1	33.2527
205	143	256	689	143	1	460	119	1	106.343
2729	113	229	548	139	119	0	0	119	-16.2338
909	143	265	384	122	103	0	0	1	103.555
338	125	229	146	125	111	3081	161	1	-41.719
505	147	204	588	129	222	0	0	1	107.048
151	147	256	666	147	1	641	122	1	104.797
11	122	256	984	147	1	123	129	1	104.566
911	136	256	175	125	281	0	0	1	103.428
562	122	273	874	147	111	0	0	273	104.641
1053	132	273	61	164	281	353	143	1	104.912
1082	129	281	510	150	1	142	147	1	105.057
2168	113	335	1318	122	256	0	0	1	-38.2596
1747	136	238	0	0	265	0	0	247	106.093
256	143	255	948	132	247	0	0	1	102.63
1520	139	281	84	143	265	0	0	1	106.174
586	119	281	654	139	103	0	0	1	107.498
923	136	256	392	129	273	0	0	1	105.287
499	132	247	42	116	281	992	129	1	105.111
59	132	247	349	136	1	0	0	1	84.5441
167	119	256	866	150	1	529	125	1	105.507
242	113	273	890	136	111	0	0	273	106.753
517	147	263	720	122	265	0	0	265	105.254
776	139	319	994	119	273	0	0	273	94.8102
843	143	281	209	129	103	0	0	103	102.403
2814	164	31	1497	136	111	0	0	111	-126.557
1661	122	256	1106	113	85	0	0	256	-25.4056
663	132	247	969	136	281	0	0	281	106.063
792	143	265	564	132	1	157	125	1	105.796
985	136	229	420	139	265	0	0	1	104.014
1023	129	281	78	139	273	489	147	1	104.761
709	136	255	851	132	247	0	0	247	106.384
2614	154	284	1042	154	356	0	0	0	-173.574
1779	157	22	706	113	281	0	0	1	18.474
1618	136	229	0	0	273	0	0	247	106.039
602	150	220	581	129	256	0	0	1	103.453
117	113	247	765	139	1	0	0	1	106.858
221	119	273	2128	129	1	0	0	1	-24.8527
196	129	222	160	122	281	992	139	1	106.625
380	129	256	341	143	204	628	147	1	102.872
3205	125	281	31	136	119	0	0	119	-12.6495
112	125	265	927	136	1	211	147	1	104.323
930	139	265	580	132	111	0	0	1	104.422
2670	129	220	174	150	247	0	0	247	5.96935
849	136	256	527	150	273	0	0	1	105.264
211	122	247	52	136	220	3290	119	1	-33.6499
1306	129	247	375	157	281	0	0	247	106.391
955	122	39	439	139	256	0	0	1	86.559
3044	119	220	360	129	111	0	0	111	-23.9334
809	150	273	510	122	1	194	132	1	102.432
43	125	273	670	129	238	490	143	1	105.875
534	136	229	967	132	273	0	0	1	107.01
455	154	230	3	125	212	2626	113	1	-0.179544
27	129	247	344	143	265	1010	129	1	105.932
166	157	247	666	143	265	679	119	1	106.595
680	147	256	833	122	103	0	0	1	105.786
35	125	273	465	132	238	889	143	1	103.202
217	161	256	886	143	1	159	122	1	101.62
152	132	265	2761	113	255	553	129	1	-17.9013
572	150	247	562	122	256	0	0	1	104.815
702	139	281	742	119	111	0	0	1	106.872
1473	136	281	314	122	1	280	147	1	77.3419
343	143	229	632	129	256	0	0	1	102.737
264	119	256	783	150	1	278	125	1	105.506
143	122	238	160	154	212	1940	122	1	44.3957
75	122	103	172	116	273	854	143	1	102.447
1655	116	47	1678	113	230	0	0	1	-25.9982
266	139	265	921	143	1	258	119	1	106.485
276	122	256	763	147	1	91	129	1	104.024
150	132	273	888	143	103	0	0	1	106.266
573	150	273	667	143	256	0	0	1	105.362
347	143	238	798	125	256	0	0	1	103.765
935	139	265	392	116	1	157	147	1	105.867
12	143	265	1079	143	1	0	0	1	102.667
192	113	265	1030	147	1	356	129	1	107.346
1011	139	265	321	125	1	244	119	1	102.776
1109	129	319	588	125	265	0	0	1	59.5642
6050	116	319	126	119	247	5324	136	1	-166.612
344	139	256	373	125	1	417	139	1	103.229
386	119	273	26	139	265	756	143	1	101.748
895	132	265	99	139	220	329	136	1	106.692
123	136	265	757	147	1	539	122	1	104.801
620	122	230	469	154	256	0	0	1	105.14
641	143	256	574	119	276	64	157	1	105.147
719	129	204	601	147	222	0	0	1	105.188
167	132	119	163	150	265	924	147	1	103.245
848	143	281	45	132	230	360	129	1	103.707
870	129	220	628	150	247	0	0	1	101.977
755	143	256	491	125	281	0	0	281	106.626
630	147	281	407	119	1	187	129	1	106.421
95	129	247	1025	132	1	0	0	1	105.244
816	150	273	807	125	119	0	0	1	104.95
681	154	229	410	129	265	0	0	0	102.805
151	136	265	1152	129	1	373	136	1	107.039
622	143	273	1023	122	85	0	0	273	105.61
913	150	256	440	132	230	0	0	230	102.1
595	125	238	12	139	247	1291	143	1	57.5892
334	136	212	778	139	247	0	0	1	102.833
14	129	111	1945	125	273	281	113	1	36.1995
500	125	256	615	136	273	0	0	1	105.68
910	122	273	421	143	1	190	125	1	106.845
172	122	265	512	143	1	0	0	1	105.585
1073	132	247	363	139	256	0	0	1	107.141
913	150	256	2790	122	273	0	0	256	104.414
654	139	247	843	132	76	0	0	1	102.716
573	147	220	745	129	230	0	0	1	102.426
850	136	256	187	125	273	0	0	256	107.182
128	119	265	990	132	1	504	154	1	104.431
861	125	273	503	147	1	143	125	1	103.031
678	136	255	802	129	247	0	0	1	104.363
1253	136	256	421	150	281	0	0	256	103.357
81	150	247	463	125	265	1125	136	1	107.29
482	129	229	1030	147	247	0	0	1	103.239
25	125	273	757	139	1	0	0	1	103.67
488	132	310	1311	129	256	0	0	256	87.5592
1485	136	220	0	0	238	0	0	281	106.454
220	147	247	1913	116	1	177	139	1	44.8891
1864	143	212	2587	122	76	0	0	1	11.1619
287	136	256	710	129	247	197	147	1	103.32
726	122	212	198	113	85	2492	154	1	-29.7283
992	136	220	539	143	265	0	0	0	102.708
804	150	273	433	125	1	162	150	1	103.07
140	125	265	872	150	1	408	129	1	103.542
583	125	281	483	150	1	250	116	1	106.772
692	147	256	460	132	281	0	0	1	102.822
1081	129	273	325	139	1	155	119	1	102.57
544	132	256	296	119	276	1165	132	1	45.3663
802	129	238	219	139	256	0	0	1	102.686
650	150	263	796	125	256	0	0	1	103.723
1016	136	273	131	129	1	227	113	1	105.103
864	113	265	440	132	1	246	161	1	87.7827
784	132	273	473	119	1	271	147	1	107.469
147	122	256	848	122	1	0	0	1	105.915
2936	122	263	55	113	238	922	119	1	-54.5997
93	125	238	154	129	265	779	147	1	103.636
1141	125	256	1224	139	85	4126	150	1	-178.7
857	139	273	53	132	281	514	122	1	107.518
530	132	273	180	143	281	539	129	1	105.711
867	157	265	272	139	1	197	119	1	95.4689
779	125	263	571	136	273	0	0	1	108.02
170	161	255	13	129	273	1173	132	1	106.532
121	132	273	767	129	238	472	139	1	106.145
795	122	204	92	113	1	0	0	1	-38.8136
453	132	204	67	113	265	942	139	1	107.063
117	119	247	862	132	265	406	147	1	103.518
952	143	273	374	122	1	199	119	1	104.27
28	125	238	298	132	265	1006	143	1	102.98
617	139	256	606	125	103	0	0	1	106.593
855	122	273	117	132	281	699	147	1	105.776
942	139	265	44	129	119	0	0	265	106.561
854	147	256	387	116	1	142	139	1	103.233
411	139	281	125	129	212	497	143	1	104.593
1099	136	273	170	125	1	198	139	1	107.405
244	113	229	29	129	222	3417	132	1	-37.0377
647	143	238	617	119	256	0	0	1	106.42
229	125	265	753	150	1	180	125	1	103.379
720	122	265	658	147	1	204	119	1	103.64
798	139	256	586	139	230	0	0	1	102.894
1018	143	281	265	136	1	124	113	1	104.671
538	132	265	366	119	1	286	157	1	103.292
719	136	265	588	139	222	0	0	1	104.326
18	125	265	464	122	256	1021	143	1	106.867
2399	143	212	75	125	256	0	0	0	36.0011
2931	143	212	789	119	76	0	0	1	-44.6528
304	136	204	338	136	256	0	0	1	105.975
576	143	265	502	125	1	302	150	1	102.833
148	136	204	978	139	119	0	0	1	103.418
775	150	273	684	125	1	120	164	1	104.972
955	143	265	439	122	1	164	125	1	103.065
411	132	212	1884	125	265	0	0	1	46.1519
1330	129	265	179	129	247	0	0	1	105.643
6279	122	13	0	0	238	0	0	265	-122.81
892	150	238	323	122	265	0	0	1	104.99
215	136	265	519	147	1	489	122	1	105.686
573	116	256	2304	139	238	0	0	256	0.795359
644	125	204	344	147	256	0	0	1	99.3457
609	143	281	84	136	273	388	119	1	107.199
617	136	4	1222	125	247	0	0	247	74.3048
1001	113	47	530	116	1	0	0	1	-33.4358
553	113	256	85	125	301	1873	143	1	6.48808
335	125	238	122	143	1	0	0	1	107.153
4361	119	220	62	116	1	0	0	1	-92.8609
2002	116	263	111	113	247	811	125	1	-8.86967
2232	143	212	137	129	238	0	0	0	37.2541
415	116	247	102	143	229	1656	143	1	53.1867
384	136	265	993	132	68	0	0	265	102.55
166	119	256	1117	143	1	391	125	1	107.66
1011	150	310	2628	113	220	0	0	1	-29.4437
688	129	281	271	164	256	0	0	1	103.31
722	143	265	570	132	281	0	0	265	106.831
832	125	238	750	147	265	0	0	1	103.211
468	139	230	617	132	256	0	0	1	104.669
806	125	292	688	139	281	0	0	281	104.196
408	147	265	959	136	230	0	0	1	104.228
861	136	281	305	125	265	0	0	265	104.509
688	143	281	176	147	1	0	0	1	107.837
403	125	238	1260	150	273	0	0	238	61.0774
1077	132	265	226	139	1	127	129	1	103.037
872	136	265	487	125	1	296	147	1	106.865
297	139	256	763	122	1	0	0	1	105.775
2406	113	292	1036	136	238	0	0	1	-28.5796
428	119	276	1007	139	256	0	0	256	106.902
1519	122	220	509	150	247	0	0	247	59.0648
582	125	281	981	136	103	0	0	1	107.354
380	132	204	496	129	256	0	0	1	104.358
775	125	265	61	125	281	623	147	1	102.112
928	143	273	548	119	1	146	132	1	107.846
986	143	273	311	125	1	195	136	1	103.672
111	139	273	2333	116	238	246	143	1	29.2499
36	136	111	1666	161	273	1445	113	1	-29.1993
657	125	265	397	164	1	259	143	1	104.587
605	113	247	103	119	263	2988	132	1	-46.8569
877	150	229	564	129	273	0	0	0	103.859
846	136	265	63	143	247	376	122	1	106.613
736	136	273	485	147	247	0	0	1	106.339
120	132	256	260	143	230	2044	125	1	39.3041
82	157	265	935	129	1	0	0	1	106.628
814	132	229	575	143	238	0	0	0	102.548
503	143	220	936	139	273	0	0	1	104.37
197	154	265	896	143	1	251	119	1	104.016
701	132	281	341	129	85	0	0	1	104.479
1763	116	281	336	154	1	175	132	1	49.7848
119	122	273	630	132	247	510	150	1	103.421
1047	139	281	94	122	1	0	0	1	105.893
753	143	265	153	122	1	171	122	1	102.429
653	129	265	556	147	1	201	136	1	107.801
512	143	204	1753	129	281	0	0	281	47.5231
1709	157	47	2101	143	255	0	0	1	-133.376
1203	154	212	390	136	119	0	0	0	64.2879
1264	147	281	0	0	238	0	0	265	105.174
439	143	273	1135	129	119	0	0	1	107.121
880	129	256	337	147	220	695	136	1	105.622
3283	113	301	619	136	256	0	0	1	-67.9844
647	116	212	89	122	103	4054	164	1	-105.615
570	122	281	1063	139	68	0	0	281	104.741
327	143	256	1195	136	60	0	0	256	106.858
614	132	265	332	161	1	252	113	1	103.974
2780	143	204	799	116	68	0	0	1	-37.8856
1068	132	273	225	139	1	197	132	1	104.185
268	139	273	951	139	119	0	0	273	105.511
463	139	247	1138	129	247	0	0	247	105.218
882	143	265	268	125	247	0	0	1	105.624
1020	125	273	39	150	204	542	147	1	106.041
778	125	273	59	150	265	545	143	1	106.389
63	147	256	1087	139	1	198	125	1	106.704
1083	113	256	428	119	335	1999	132	1	-30.4959
131	129	256	779	147	1	381	125	1	104.895
538	150	256	412	125	1	0	0	1	103.721
615	143	265	747	136	222	0	0	265	104.028
50	116	119	2604	147	247	341	116	1	-25.3991
263	116	265	688	132	1	466	157	1	104.167
575	150	281	898	136	256	0	0	281	106.675
482	122	220	646	129	273	0	0	273	106.194
2933	113	212	111	122	222	334	157	1	-11.8227
469	154	281	559	147	265	0	0	281	102.744
90	125	256	712	150	1	573	125	1	104.657
538	136	229	900	143	273	0	0	273	103.074
58	125	256	373	125	265	991	147	1	105.407
722	132	265	477	122	1	223	154	1	106.145
440	129	327	19	154	22	2411	157	1	-65.9981
617	147	281	502	139	1	229	129	1	101.838
480	129	204	699	143	247	0	0	1	104.534
27	129	247	621	143	273	863	125	1	106.267
2985	119	204	254	157	222	0	0	222	-7.17081
493	136	265	1215	164	247	0	0	1	69.2717
276	143	265	846	143	1	331	125	1	104.644
528	147	273	506	122	1	239	139	1	106.567
716	150	281	265	122	1	109	132	1	104.804
854	147	273	265	113	1	236	125	1	106.685
257	125	247	2286	129	1	849	116	1	-23.4867
421	129	256	797	132	111	0	0	256	106.572
1977	113	256	1471	116	60	0	0	1	-36.0815
1391	161	265	289	122	1	0	0	1	42.8817
171	113	256	936	132	1	374	150	1	104.963
3349	136	238	548	116	247	0	0	1	-46.7515
1717	150	265	730	125	85	0	0	265	15.3244
250	157	256	806	125	1	323	147	1	103.617
810	150	256	294	113	273	0	0	256	105.387
23	129	281	2073	113	230	952	125	1	-21.603
388	129	204	65	136	247	769	143	1	103.657
367	136	222	719	129	265	0	0	1	102.656
596	147	247	680	125	265	0	0	265	106.901
84	119	265	772	129	1	501	154	1	103.627
95	119	76	2681	136	265	176	116	1	-27.2806
441	122	247	735	143	265	0	0	1	105.986
634	129	229	798	150	256	0	0	1	104.699
149	129	284	1131	136	256	0	0	256	104.144
785	143	265	429	161	1	236	122	1	103.402
347	129	256	964	143	103	0	0	1	104.964
393	122	256	287	129	265	830	147	1	105.517
654	132	204	606	136	256	0	0	1	106.639
389	139	47	973	129	256	0	0	1	102.871
2536	116	212	55	157	256	385	129	1	18.0603
26	116	273	718	119	76	2027	143	1	6.66988
451	122	265	1476	150	230	0	0	265	65.098
490	150	212	689	129	238	0	0	238	104.683
823	129	212	410	154	256	0	0	0	103.507
579	136	204	464	122	265	0	0	265	106.382
661	143	238	668	125	247	0	0	1	106.544
1521	136	301	4100	129	256	0	0	1	-73.8456
843	132	281	248	113	1	281	147	1	105.729
956	136	265	193	132	103	0	0	1	102.887
182	147	256	808	125	1	348	139	1	106.636
142	129	247	1038	132	247	0	0	1	106.108
149	150	256	762	147	1	461	122	1	103.109
805	136	281	389	129	85	0	0	1	104.139
811	143	204	242	136	256	0	0	0	105.28
890	136	273	405	119	247	0	0	273	103.574
774	125	265	34	150	281	729	143	1	106.724
1051	125	265	340	143	1	226	122	1	101.416
2454	116	276	97	119	247	729	116	1	-48.1268
846	154	256	432	129	212	176	119	1	102.856
630	143	265	25	122	204	539	150	1	106.321
2266	119	265	764	119	76	0	0	1	-23.8265
818	147	284	1033	132	247	0	0	1	104.236
1525	161	263	261	113	247	0	0	247	50.8807
782	147	273	397	122	247	0	0	247	102.539
945	147	4	1061	122	273	0	0	1	39.3169
610	119	265	568	143	1	150	119	1	105.645
940	139	220	137	116	273	0	0	0	106.679
495	154	281	823	132	265	0	0	281	106.919
734	139	247	534	147	281	0	0	247	101.798
683	147	263	487	122	256	0	0	1	103.89
397	139	265	1096	132	85	0	0	265	103.288
805	147	273	588	119	1	160	122	1	104.177
293	113	273	811	119	111	0	0	1	107.552
837	125	273	133	139	265	524	147	1	104.761
3	122	238	439	139	265	1131	136	1	103.448
478	113	256	192	125	263	2673	119	1	-37.6398
1499	132	204	246	139	256	0	0	0	71.6146
62	132	119	257	116	273	923	136	1	103.438
623	129	281	54	147	256	765	143	1	103.167
1148	136	229	418	132	265	0	0	1	105.378
27	129	273	480	143	247	1073	136	1	103.625
713	136	212	675	139	119	0	0	1	103.526
836	139	281	445	119	256	0	0	1	106.975
1787	119	204	509	147	247	0	0	247	50.9063
44	129	111	3605	150	1	0	0	1	-59.1953
95	122	247	2228	113	13	1041	132	1	-20.6905
815	129	265	143	139	229	330	139	1	105.457
539	113	238	120	132	255	2549	119	1	-25.6005
2328	113	238	800	122	230	0	0	1	-0.832336
421	122	238	619	143	256	0	0	1	106.412
1000	139	256	284	129	111	0	0	1	103.398
952	143	273	250	122	1	194	139	1	105.318
685	150	229	598	129	265	0	0	265	105.409
131	116	256	967	132	281	444	154	1	105.762
89	125	265	2062	147	1	0	0	1	48.4148
402	119	222	105	129	204	886	139	1	100.407
310	157	256	1016	139	1	205	129	1	103.223
735	143	273	636	122	119	0	0	1	107.505
596	147	47	767	122	265	0	0	1	102.707
150	132	273	1042	119	103	1944	154	1	10.1779
421	132	204	300	119	1	0	0	1	103.747
196	113	273	1252	116	39	2163	122	1	-46.738
867	132	265	45	125	238	474	150	1	107.715
408	136	238	836	132	238	0	0	238	104.363
183	125	238	891	147	256	0	0	256	104.886
934	143	281	351	122	111	0	0	111	104.662
622	136	265	1661	119	230	0	0	1	49.3405
204	125	256	318	125	265	853	150	1	105.279
467	143	220	1946	125	273	0	0	1	48.0472
875	125	265	617	143	222	0	0	1	104.89
352	136	256	621	125	111	0	0	1	104.461
577	122	256	950	139	76	0	0	1	106.243
781	122	273	539	147	111	0	0	1	105.839
25	122	238	593	132	273	682	139	1	103.923
563	139	256	87	119	204	372	157	1	106.992
128	119	256	748	125	1	449	150	1	107.784
906	150	281	298	132	222	0	0	222	103.671
154	161	265	956	122	1	572	143	1	107.428
768	132	281	384	143	1	363	113	1	106.823
366	147	281	1107	136	119	0	0	281	103.6
865	136	273	249	154	256	0	0	1	102.921
694	147	47	1235	136	238	0	0	238	23.1405
529	125	220	690	147	247	0	0	247	107.341
47	125	273	146	143	247	867	136	1	102.334
860	143	256	536	125	273	0	0	1	104.992
1586	136	281	0	0	222	0	0	256	105.708
353	143	256	1006	139	273	1744	157	1	106.107
92	136	265	729	125	247	531	147	1	105.199
1039	119	263	982	129	256	0	0	1	54.656
876	125	273	480	147	1	193	122	1	105.833
754	125	273	521	150	1	117	116	1	106.389
1029	136	263	217	161	256	0	0	0	104.039
514	139	265	1731	116	230	0	0	1	45.7275
705	113	220	1881	136	103	0	0	103	0.71927
144	129	265	719	147	1	619	119	1	108.165
401	119	238	27	136	229	2140	136	1	28.6162
786	147	281	657	122	1	121	139	1	107.62
1099	129	265	249	136	1	206	129	1	105.552
175	129	222	122	113	281	889	143	1	106.498
562	147	256	414	132	238	0	0	1	105.936
77	129	281	627	139	256	955	129	1	106.792
1077	125	284	2306	113	247	0	0	1	-10.5097
384	147	265	239	122	1	0	0	1	103.623
809	125	276	421	139	256	0	0	0	101.197
885	136	256	498	157	273	0	0	273	104.474
102	129	247	615	139	273	623	125	1	106.65
92	136	281	416	132	247	830	136	1	105.634
1135	132	273	380	143	1	166	139	1	105.67
1001	129	273	543	150	1	172	164	1	106.088
529	122	230	2689	132	256	0	0	230	-26.7332
851	129	265	100	122	204	575	139	1	103.848
574	147	265	671	129	281	0	0	1	104.898
464	150	222	794	139	265	0	0	1	105.079
579	143	229	886	132	247	0	0	247	104.679
721	139	247	669	122	247	0	0	1	106.586
798	164	111	2791	113	60	0	0	1	-26.059
2072	132	310	553	113	256	0	0	256	-25.8612
130	147	256	1055	139	265	205	129	1	104.941
10	122	265	1078	139	1	0	0	1	107.429
731	132	229	471	125	265	0	0	1	66.4646
652	129	247	1150	147	119	0	0	119	-67.8579
1797	122	238	125	139	247	531	119	1	27.9132
603	136	229	732	139	230	0	0	1	104.379
964	143	281	138	147	111	0	0	111	106.201
405	136	273	1212	132	85	0	0	1	105.82
327	161	265	394	143	1	0	0	1	106.398
1109	129	273	435	139	119	0	0	1	107.058
124	154	265	1099	139	1	279	125	1	105.518
671	139	204	494	122	247	0	0	1	104.133
778	136	281	881	125	85	0	0	1	107.001
681	147	204	866	132	119	0	0	119	103.485
779	136	229	393	129	238	0	0	1	106.72
721	139	265	63	161	204	794	132	1	106.198
1166	136	204	0	0	238	0	0	273	105.72
154	139	265	770	119	1	715	147	1	106.64
804	119	229	622	143	265	0	0	1	105.825
518	154	273	739	132	256	0	0	1	106.197
546	125	265	47	147	204	792	139	1	107.191
411	139	204	811	129	103	0	0	1	104.924
625	143	238	472	125	256	0	0	1	106.415
748	136	247	763	125	273	0	0	273	106.223
4076	129	319	2047	147	103	0	0	1	-161.326
81	132	265	190	132	238	1749	143	1	57.11
1383	132	281	0	0	256	0	0	111	103.333
293	122	256	971	136	1	154	143	1	106.843
426	143	281	264	136	1	0	0	1	106.078
203	125	256	1043	122	85	0	0	1	99.7734
898	132	255	124	147	256	0	0	1	106.337
681	122	273	777	147	111	0	0	273	105.275
444	122	238	760	143	273	0	0	238	106.237
447	143	273	857	122	85	0	0	1	106.534
116	132	281	79	147	265	1043	139	1	104.186
517	157	256	458	119	1	0	0	1	103.001
1006	139	281	43	147	1	0	0	1	106.437
239	154	256	909	125	1	238	139	1	105.137
590	136	281	563	150	1	105	125	1	105.739
883	136	273	297	116	1	158	147	1	106.771
412	139	273	1080	125	103	0	0	1	107.461
762	136	281	304	113	1	236	154	1	106.042
411	136	256	1101	132	76	0	0	1	103.56
570	129	273	538	154	1	153	143	1	101.779
784	132	281	295	125	1	147	143	1	106.223
636	139	39	523	164	119	0	0	119	-194.64
58	136	256	1098	113	1	480	143	1	75.0674
2104	129	310	644	119	47	0	0	0	36.9645
1697	164	263	1774	116	119	0	0	1	-28.5337
1333	132	281	437	147	222	0	0	222	107.281
126	143	273	639	129	238	662	143	1	103.256
880	132	256	290	129	85	0	0	1	105.63
589	132	265	431	116	1	271	154	1	105.625
854	125	273	359	147	1	139	139	1	105.267
790	139	263	703	143	256	0	0	1	77.8332
962	139	265	402	116	1	267	113	1	106.248
1967	125	292	197	119	247	1011	116	1	-7.78019
173	150	265	746	143	1	700	119	1	106.863
76	161	265	716	143	1	459	122	1	104.585
698	122	256	257	143	220	390	143	1	107.159
237	150	247	1017	136	256	0	0	1	106.067
19	129	265	789	132	238	315	147	1	102.408
8	116	265	689	150	1	0	0	1	105.927
1069	136	265	26	116	256	151	132	1	103.509
760	125	273	551	150	1	197	154	1	106.588
755	129	273	511	154	1	220	122	1	103.088
520	139	204	218	139	247	0	0	1	105.2
702	143	39	936	122	281	0	0	281	104.734
649	139	256	602	132	111	0	0	256	102.33
1137	136	263	469	113	238	0	0	1	-203.037
490	132	265	1528	136	103	0	0	265	12.8112
1559	129	204	252	113	85	0	0	1	44.7839
848	122	273	362	143	85	0	0	1	106.044
650	150	281	467	139	265	0	0	265	102.992
96	113	85	386	136	265	1951	119	1	3.41301
354	125	238	819	143	256	0	0	1	107.674
770	139	229	747	129	238	0	0	238	103.646
1154	139	220	394	132	256	0	0	1	106.929
967	143	273	434	122	1	173	125	1	104.035
57	157	230	34	119	1	3950	116	1	-72.9474
349	143	220	1105	139	265	0	0	1	104.164
1318	132	281	305	122	119	0	0	119	105.465
369	143	238	821	129	247	0	0	1	105.159
584	150	281	537	125	222	0	0	1	106.551
932	129	265	226	136	103	0	0	1	105.721
951	129	281	203	143	119	0	0	119	106.265
442	157	256	744	125	281	0	0	256	107.077
695	129	273	641	136	1	164	147	1	107.378
244	147	265	977	129	1	258	139	1	106.247
451	125	256	575	132	273	0	0	256	103.026
1016	136	256	210	136	111	0	0	1	104.997
387	139	247	321	139	1	0	0	1	103.113
118	157	265	939	143	1	533	119	1	105.785
1970	122	319	1571	113	230	0	0	230	-26.7044
536	154	204	852	136	256	0	0	1	105.603
107	119	256	1129	136	1	335	147	1	103.293
407	132	265	1131	143	103	0	0	265	105.92
1132	129	281	360	139	1	187	132	1	106.041
560	125	265	256	125	204	690	143	1	106.4
173	154	265	1089	143	1	350	125	1	102.352
1682	154	238	623	119	273	0	0	273	53.019
2572	113	276	916	143	256	0	0	0	-28.1376
797	122	229	272	139	256	0	0	1	106.297
726	125	256	593	136	273	0	0	1	108.235
1997	132	238	582	132	238	0	0	238	37.3543
451	154	212	698	132	273	0	0	1	104.301
872	150	265	407	116	1	207	129	1	106.531
3602	116	204	79	122	111	204	119	1	-46.2859
278	164	220	903	132	265	0	0	1	105.434
443	132	256	39	143	281	1133	136	1	106.748
601	129	256	639	143	103	0	0	1	102.474
459	157	238	877	136	273	0	0	1	105.073
734	129	265	539	143	103	0	0	265	105.606
891	139	265	264	119	1	243	113	1	104.957
529	150	256	937	136	273	0	0	1	106.267
73	125	273	1731	113	247	1447	116	1	-33.4448
721	119	255	616	143	265	0	0	1	106.159
492	125	265	439	119	1	357	150	1	105.859
52	119	256	1261	136	1	289	129	1	75.4242
348	136	273	1160	132	60	0	0	1	105.154
118	161	247	2907	113	204	246	136	1	-13.3319
536	143	273	550	119	1	240	122	1	106.408
492	139	281	1143	125	68	0	0	281	106.069
609	136	265	222	143	256	789	129	1	107.731
954	143	263	300	125	265	0	0	1	102.717
925	136	273	226	150	1	128	122	1	103.576
481	125	281	190	132	1	0	0	1	107.386
185	125	265	721	150	1	541	122	1	106.977
508	143	276	976	125	256	0	0	256	104.219
999	125	265	404	143	1	152	116	1	104.826
55	122	247	807	132	273	353	143	1	105.14
618	119	238	535	143	247	0	0	1	107.371
491	129	256	2103	116	230	0	0	1	31.4638
657	139	256	377	139	238	0	0	1	105.687
852	125	238	106	132	265	897	154	1	82.7212
713	150	265	639	136	281	0	0	265	104.536
204	139	281	1070	129	103	0	0	281	105.503
73	143	256	803	125	273	561	143	1	106.144
902	119	273	808	143	1	134	129	1	106.56
629	136	256	387	150	281	0	0	1	106.417
2181	119	255	733	129	247	0	0	1	-4.51798
530	147	229	893	125	256	0	0	256	106.843
411	136	204	1029	136	119	0	0	1	104.132
823	147	265	409	122	111	0	0	111	107.934
101	136	265	765	129	238	589	147	1	102.019
103	122	247	936	132	265	349	143	1	104.622
924	132	265	72	147	204	446	136	1	106.209
924	143	229	348	129	247	0	0	0	106.956
978	136	238	424	139	247	0	0	1	105.447
1714	119	263	1194	161	273	0	0	0	-21.587
346	143	247	544	150	265	0	0	247	101.393
492	125	230	652	143	265	0	0	1	105.42
581	143	265	46	150	281	900	125	1	107.161
1673	150	212	241	122	281	0	0	281	63.0908
125	122	68	1638	150	273	706	116	1	8.53816
569	139	229	898	136	281	0	0	281	105.966
265	143	256	845	143	1	113	122	1	104.358
257	132	281	402	129	1	0	0	1	105.593
1134	125	273	479	143	1	132	139	1	107.232
3080	150	47	496	122	111	0	0	0	-227.992
612	136	273	555	147	1	135	129	1	104.188
289	125	256	671	150	1	279	122	1	105.586
201	119	256	993	150	1	352	132	1	102.273
145	147	265	997	122	1	580	143	1	107.903
793	122	281	48	122	265	569	143	1	105.927
762	129	204	87	116	68	1740	154	1	2.16254
146	136	265	1079	132	1	248	143	1	104.92
440	147	281	862	129	119	0	0	281	105.157
793	147	281	421	119	1	272	129	1	107.088
865	139	265	467	150	247	0	0	265	102.588
37	129	247	2269	113	204	984	122	1	-26.4461
958	139	238	576	129	281	0	0	1	105.686
1532	119	327	1726	116	247	0	0	247	-23.1448
771	143	238	157	132	265	0	0	1	104.637
361	143	247	1961	119	222	0	0	247	30.8862
864	132	265	81	125	238	498	157	1	107.874
654	132	204	898	136	119	0	0	119	107.456
641	125	247	803	147	265	0	0	265	106.008
1000	143	273	271	129	1	244	139	1	102.55
3210	119	247	104	150	238	366	119	1	-63.5354
1002	139	265	40	116	1	0	0	1	105.364
103	136	256	603	143	1	525	132	1	103.104
590	139	204	121	147	265	514	129	1	106.29
319	157	265	1017	132	1	122	125	1	108.331
121	136	281	545	122	230	811	139	1	92.0129
780	143	204	350	122	256	0	0	1	103.185
685	113	247	2476	129	230	0	0	247	-34.1385
243	143	256	3011	113	119	0	0	1	-37.4292
856	143	273	187	125	1	331	132	1	103.923
849	132	265	87	119	204	397	143	1	105.578
1493	136	220	0	0	238	0	0	281	105.463
621	157	273	413	119	1	166	129	1	103.368
7	125	238	591	132	273	666	136	1	106.692
780	150	273	497	125	1	176	147	1	103.32
422	122	238	967	139	256	0	0	1	105.794
114	150	256	924	125	1	401	139	1	106.196
524	116	238	113	161	263	3709	116	1	-103.165
825	139	247	373	113	281	0	0	281	106.861
671	139	103	434	122	1	0	0	1	58.2642
699	147	273	47	139	1	0	0	1	106.274
766	122	335	568	136	273	0	0	0	96.6869
736	136	255	616	125	281	0	0	1	105.581
120	116	247	1986	113	39	851	139	1	-24.2328
223	136	265	909	139	1	443	125	1	104.288
823	143	265	334	136	247	0	0	265	104.384
757	150	273	249	129	222	0	0	222	102.859
661	143	238	886	129	247	0	0	247	106.108
522	147	265	76	136	281	676	125	1	103.239
732	119	281	808	143	111	0	0	1	107.071
616	125	273	85	136	1	0	0	1	105.375
710	139	204	342	119	256	0	0	1	106.524
625	122	273	138	136	265	749	147	1	105.736
805	125	281	605	150	1	156	150	1	104.736
391	139	212	1603	129	265	0	0	265	57.67
873	136	256	634	136	222	0	0	256	106.355
625	143	255	737	129	247	0	0	1	105.543
1034	143	265	256	132	247	0	0	1	103.833
478	139	263	1080	125	256	0	0	1	106.653
974	116	60	2258	164	238	776	132	1	-24.1439
377	122	256	926	132	111	0	0	1	108.074
1516	132	247	412	113	238	0	0	1	46.9365
381	119	281	83	143	273	816	143	1	107.197
864	132	281	34	125	1	0	0	1	102.757
728	122	281	605	147	1	196	129	1	104.059
734	129	335	818	119	256	0	0	256	87.3655
609	132	273	443	125	1	268	143	1	106.691
907	132	256	184	143	204	313	116	1	107.368
812	122	273	452	147	1	159	122	1	105.6
260	136	247	959	139	273	0	0	273	103.583
24	132	247	548	125	273	909	139	1	106.3
916	113	247	847	136	273	0	0	247	86.5173
582	132	204	428	139	281	0	0	1	102.597
2363	154	212	656	136	111	0	0	212	1.23533
1002	139	273	287	136	119	0	0	1	105.69
962	125	265	450	143	1	86	113	1	105.633
1561	125	204	38	161	256	135	129	1	61.2921
1154	139	238	175	132	256	0	0	0	103.475
796	143	273	181	122	1	177	143	1	105.658
733	139	229	708	125	273	0	0	1	106.316
2406	113	256	34	150	212	928	129	1	-29.7812
5670	113	273	737	147	68	0	0	68	-272.426
676	129	229	558	150	256	0	0	256	105.444
741	132	256	697	132	103	0	0	256	106.898
384	143	212	126	122	265	846	143	1	107.325
156	150	222	2474	113	1	0	0	1	3.09674
1381	136	247	0	0	238	0	0	281	102.676
60	129	256	796	125	247	688	147	1	105.238
909	113	229	2505	150	265	0	0	0	-22.1094
911	113	256	838	125	273	0	0	1	33.199
134	143	247	5417	132	1	1736	143	1	62.7337
204	122	281	2197	125	256	0	0	1	43.3172
1016	147	265	311	125	103	0	0	1	103.998
234	129	265	1033	136	1	444	116	1	79.3274
1145	139	238	265	132	265	0	0	1	106.66
390	147	238	776	129	247	0	0	1	104.74
1588	154	238	1730	119	60	0	0	60	-25.2522
513	129	204	51	150	265	999	139	1	104.711
165	150	256	951	129	1	265	136	1	107.31
1756	119	301	964	116	256	0	0	1	-20.1069
1744	119	310	54	122	76	3291	161	1	-130.478
534	136	247	204	139	273	0	0	1	106.889
83	132	222	4171	116	1	0	0	1	-88.4629
335	143	222	3044	125	238	0	0	1	-25.3739
1109	129	273	299	157	247	0	0	273	106.307
17	129	119	192	136	281	925	132	1	106.96
368	129	238	910	147	281	0	0	1	105.006
281	129	256	776	143	111	0	0	256	101.965
516	143	256	896	132	222	0	0	256	107.034
6	132	256	1109	139	1	0	0	1	106.55
572	125	273	455	150	1	212	129	1	102.379
73	125	256	485	125	265	606	150	1	105.913
673	136	263	536	132	281	0	0	1	101.32
564	147	273	580	136	1	135	122	1	106.049
1075	132	273	297	139	1	271	132	1	105.881
292	143	265	655	139	1	486	129	1	104.492
493	136	273	531	125	256	0	0	273	105.159
31	132	273	521	136	238	841	132	1	104.123
416	125	255	866	143	256	0	0	256	105.27
539	150	281	808	143	265	0	0	281	107.385
480	143	238	579	129	247	0	0	1	106.3
1243	150	263	860	122	247	0	0	247	63.1379
1396	147	292	60	116	247	887	125	1	37.2697
867	139	265	211	119	1	196	119	1	107.318
689	136	255	791	125	281	0	0	1	106.478
76	122	256	1209	139	1	360	129	1	107.674
486	136	255	916	129	281	0	0	281	106.543
1065	136	238	311	143	256	0	0	1	102.333
90	122	222	646	125	273	2622	116	1	-26.1511
1474	113	212	126	147	111	1247	143	1	23.1196
599	150	281	241	147	1	0	0	1	103.036
571	150	256	681	122	273	0	0	1	105.97
903	150	238	714	129	247	0	0	0	102.898
71	136	281	550	125	247	645	136	1	106.605
931	136	281	269	150	247	0	0	247	106.7
20	136	247	391	129	265	1139	143	1	101.694
915	147	273	293	125	1	226	119	1	105.855
305	157	212	2072	116	256	0	0	256	35.5785
209	150	273	2102	119	230	0	0	273	33.5772
2822	139	292	1117	132	281	0	0	1	105.358
629	143	281	218	147	256	719	125	1	107.575
119	136	247	491	122	265	590	147	1	105.581
682	139	284	1022	122	247	0	0	247	100.707
950	136	273	492	119	1	242	147	1	106.73
257	129	281	734	143	103	0	0	281	105.688
860	136	238	503	143	238	0	0	1	102.761
441	132	281	381	150	256	0	0	1	102.934
597	136	256	2096	119	222	0	0	1	25.3166
1438	132	247	0	0	281	0	0	247	104.354
625	122	281	924	147	119	0	0	281	105.956
213	154	265	950	147	1	531	122	1	104.097
2153	150	273	702	119	68	0	0	273	-16.0135
606	136	247	853	132	247	0	0	247	107.012
151	125	281	571	132	238	672	136	1	105.81
715	143	281	478	119	1	139	125	1	105.742
653	154	256	627	119	265	542	139	1	106.909
1073	136	255	509	129	247	0	0	1	104.978
321	139	265	870	125	1	342	143	1	105.532
535	147	238	1528	119	265	0	0	1	64.494
1771	119	238	1558	122	68	0	0	238	-32.2539
705	136	273	322	113	1	261	143	1	106.49
410	154	230	801	129	273	0	0	230	106.158
1394	136	220	0	0	265	0	0	238	104.939
1179	113	256	2113	125	60	0	0	1	-34.8191
34	122	247	965	143	1	0	0	1	105.256
146	154	256	905	129	1	0	0	1	105.201
487	139	229	1027	136	273	0	0	1	104.805
441	139	204	692	132	247	0	0	1	103.247
112	119	60	990	161	4	2334	132	1	30.8555
100	122	119	1270	147	204	447	139	1	64.7623
334	129	255	962	136	247	0	0	247	105.309
2655	132	212	163	122	230	0	0	1	11.2985
339	132	265	898	136	119	0	0	1	101.612
473	154	220	421	125	256	0	0	1	103.075
229	129	263	1121	136	256	0	0	256	105.622
808	125	273	471	147	111	0	0	1	106.063
1604	132	281	0	0	256	0	0	111	105.513
399	139	222	2735	116	265	0	0	222	-6.69498
784	125	265	261	139	1	158	161	1	104.96
744	143	204	801	132	111	0	0	111	102.527
790	136	212	616	139	281	0	0	1	104.558
2525	143	204	690	113	85	0	0	1	-5.98683
370	143	273	1055	129	103	0	0	273	106.166
758	143	281	51	136	1	0	0	1	106.777
768	125	273	458	157	1	135	136	1	106.875
752	150	229	615	125	247	0	0	0	104.555
303	136	255	1073	132	256	0	0	1	106.797
918	136	204	489	157	273	0	0	1	104.205
95	129	265	154	129	247	1078	136	1	105.77
2117	125	230	4611	122	68	0	0	1	-259.505
454	125	247	27	132	273	876	139	1	106.924
812	132	265	616	147	1	146	139	1	105.621
982	132	256	1227	125	111	0	0	1	107.479
309	132	220	39	129	273	861	139	1	106.593
945	122	256	570	136	68	0	0	1	108.022
2450	143	238	2894	113	85	0	0	238	-147.575
1640	129	273	418	113	103	0	0	1	49.5773
747	129	247	696	136	273	0	0	1	105.325
729	125	273	662	150	1	150	154	1	105.868
94	136	256	888	125	1	440	147	1	106.07
652	136	256	425	129	111	0	0	1	104.624
650	132	265	756	132	119	0	0	1	107.161
46	164	265	1038	125	256	446	143	1	104.22
343	136	265	32	143	281	1060	129	1	106.569
631	147	204	228	136	247	0	0	1	103.726
149	125	247	2416	113	204	870	119	1	-27.4362
664	129	238	352	147	247	0	0	0	103.167
1098	129	247	417	143	256	0	0	1	104.458
103	132	265	1018	139	1	140	132	1	104.501
633	125	255	578	147	265	0	0	1	104.126
623	132	265	66	113	204	724	150	1	105.392
223	122	238	1461	143	273	0	0	1	61.7573
1053	122	273	587	147	1	125	147	1	106.924
772	129	273	447	154	1	226	119	1	105.018
485	157	222	713	139	273	0	0	1	104.159
1193	113	273	417	154	1	259	129	1	75.2809
611	139	256	852	136	222	0	0	1	104.894
2186	116	247	74	113	247	317	132	1	-5.54528
230	139	265	925	122	1	565	143	1	106.872
967	139	281	87	143	273	268	122	1	107.545
116	125	256	994	132	1	154	139	1	107.612
1079	143	273	416	129	1	104	154	1	104.829
1034	136	273	178	125	85	0	0	85	107.515
1022	125	281	566	147	1	92	147	1	105.919
936	125	247	418	136	256	0	0	0	106.376
752	119	265	541	143	1	220	116	1	105.99
143	129	273	436	129	238	942	139	1	106.021
166	139	247	932	139	273	214	125	1	105.99
25	113	222	2491	139	1	0	0	1	-4.07986
1	129	247	2864	132	1	0	0	1	12.6497
63	143	238	308	132	273	757	136	1	103.842
125	143	256	1020	125	1	367	139	1	106.765
466	132	265	49	136	204	766	139	1	103.987
170	143	265	647	122	1	554	147	1	105.693
465	143	238	840	136	256	0	0	1	105.231
634	129	281	716	136	111	0	0	281	106.844
109	113	273	2858	116	111	754	147	1	-41.9243
529	136	281	140	129	273	776	143	1	103.281
179	125	238	2	125	212	3843	113	1	-54.6039
1593	139	292	449	122	273	0	0	1	107.565
1079	143	273	59	150	1	0	0	1	106.112
1069	143	220	187	113	256	0	0	1	103.024
528	147	265	412	147	247	0	0	1	103.544
1356	136	273	741	129	76	0	0	1	42.8019
907	143	265	110	125	1	161	116	1	101.859
381	147	222	208	132	265	0	0	1	104.363
604	122	255	621	147	256	0	0	256	105.481
1149	147	13	2357	113	222	0	0	222	-30.1626
939	139	273	375	119	1	182	125	1	106.859
783	136	273	436	122	247	0	0	1	105.952
3403	119	263	296	125	247	0	0	247	-73.2167
312	150	256	2350	132	230	0	0	1	22.126
562	139	256	547	122	111	0	0	1	104.677
1057	132	229	349	143	256	0	0	0	103.782
83	113	103	1892	150	281	674	132	1	23.568
1027	136	273	233	147	1	196	122	1	104.684
1203	122	356	2152	113	230	0	0	230	-23.1741
50	139	238	1042	129	273	568	136	1	80.9441
534	147	273	605	139	1	113	129	1	106.324
983	154	319	2614	125	68	0	0	68	-122.395
447	150	230	783	143	281	0	0	230	105
871	136	256	510	132	119	0	0	1	104.41
1347	143	310	2062	113	284	0	0	0	-230.312
696	150	273	581	122	222	0	0	273	106.931
439	136	265	383	129	103	0	0	1	106.462
27	136	256	697	122	1	237	143	1	106.763
411	157	212	621	129	273	0	0	1	104.001
647	129	229	1042	143	273	0	0	273	105.53
395	119	230	1891	150	1	0	0	1	-240.759
486	136	204	107	113	1	0	0	1	105.411
606	139	247	22	129	273	539	132	1	106.617
492	129	204	716	132	256	0	0	1	104.144
637	129	273	725	154	119	0	0	273	102.238
259	136	247	1105	139	256	0	0	1	103.481
291	136	265	969	129	85	0	0	1	105.894
109	139	265	474	125	238	660	143	1	104.372
487	132	256	54	143	212	1991	122	1	34.8299
151	132	263	974	136	256	0	0	1	103.743
159	157	265	718	139	1	552	119	1	107.383
725	116	204	164	122	60	1558	154	1	7.71172
396	143	238	1740	122	256	0	0	1	34.837
502	122	265	257	150	1	0	0	1	105.822
196	139	256	868	122	1	636	143	1	106.63
685	129	247	627	139	238	0	0	238	105.449
924	125	247	480	147	256	0	0	1	104.206
465	139	204	816	143	256	0	0	256	102.876
2974	161	229	1008	132	119	0	0	1	106.446
154	157	256	999	139	1	162	125	1	103.763
800	122	273	377	139	103	0	0	1	104.593
558	139	256	634	125	103	0	0	1	103.46
111	125	204	2237	132	256	0	0	1	40.961
365	147	220	885	132	247	0	0	1	106.42
830	125	265	276	143	1	170	125	1	106.388
761	143	247	175	129	1	0	0	1	105.48
310	129	247	831	139	247	0	0	247	104.517
449	129	256	1011	125	247	179	132	1	71.9241
708	139	256	832	125	103	0	0	256	105.993
65	119	238	3627	116	238	226	157	1	-46.3798
769	147	229	379	125	256	0	0	1	107.284
134	122	238	82	154	204	2586	116	1	20.1963
503	143	265	301	164	1	223	116	1	106.625
234	129	238	2638	122	281	0	0	281	4.1344
2538	147	276	104	119	1	0	0	1	-14.7439
759	125	273	416	147	1	232	116	1	103.809
2404	113	229	671	139	230	0	0	230	-3.47082
768	136	265	739	136	247	0	0	265	95.515
417	125	212	972	147	256	0	0	1	106.951
53	139	247	955	139	265	537	125	1	106.514
690	150	281	10	161	265	900	125	1	105.383
300	119	265	936	147	1	95	136	1	104.23
1057	136	265	455	136	222	0	0	265	106.202
268	143	273	1738	143	256	0	0	273	60.8233
435	143	273	1824	139	238	0	0	273	58.2809
3333	116	238	92	147	111	158	122	1	-59.2638
195	136	281	1015	136	119	0	0	281	106.366
681	143	204	427	132	119	0	0	119	103.959
1185	129	255	162	154	273	0	0	0	107.11
384	129	281	838	136	111	0	0	281	103.285
548	143	276	586	122	256	0	0	256	105.168
140	147	238	1694	129	281	572	125	1	54.2798
216	129	256	553	143	1	400	125	1	106.255
645	150	229	507	132	273	0	0	273	103.205
1914	125	301	0	0	256	0	0	238	78.9508
155	116	273	988	139	1	609	116	1	72.2166
871	150	273	618	125	1	152	139	1	103.268
117	157	265	1070	129	256	343	136	1	105.779
11	122	265	2531	119	212	866	113	1	-25.3997
102	139	281	623	139	247	635	129	1	103.87
1733	122	238	1492	161	256	0	0	0	-24.5482
821	136	273	319	113	1	264	150	1	105.734
301	113	256	841	125	103	0	0	1	102.579
1673	129	292	165	119	265	748	116	1	3.59572
551	139	256	462	143	281	0	0	1	106.203
471	147	265	743	129	111	0	0	1	102.835
1009	136	281	280	132	256	0	0	1	101.74
99	154	247	939	125	273	532	143	1	104.207
833	143	273	501	139	256	0	0	1	104.618
129	122	247	930	139	220	257	143	1	101.687
559	136	256	616	136	222	0	0	1	104.666
1003	139	273	211	122	1	224	129	1	104.487
926	143	273	263	122	1	183	119	1	103.157
553	129	265	465	119	1	252	157	1	105.294
620	119	238	1823	132	256	0	0	238	20.0797
794	139	273	549	132	1	191	147	1	102.022
225	139	212	971	143	238	0	0	1	103.144
259	119	247	612	157	1	347	129	1	101.48
511	125	204	128	119	103	1881	136	1	30.5526
2195	122	265	609	119	103	0	0	265	-28.0882
61	125	238	762	143	1	0	0	1	106.39
606	143	256	434	132	230	0	0	256	104.69
79	125	265	1028	132	247	387	143	1	105.374
363	132	204	1013	132	119	0	0	119	106.213
208	143	238	112	136	265	871	129	1	107.285
197	132	273	1033	136	1	377	113	1	76.8483
88	157	273	788	139	247	590	122	1	105.244
749	132	256	280	147	273	0	0	256	105.356
529	129	229	610	147	265	0	0	1	104.88
653	143	247	906	125	273	0	0	1	106.142
1800	147	273	716	132	85	0	0	1	16.2766
132	119	265	336	125	247	681	147	1	106.365
919	125	276	506	139	256	0	0	1	106.061
361	147	222	818	132	247	0	0	222	106.823
752	143	204	759	122	111	0	0	1	104.863
709	150	204	311	119	273	0	0	1	103.296
235	122	256	765	129	1	391	150	1	105.839
728	132	238	56	132	230	67	113	1	-35.2231
567	132	256	298	125	265	617	150	1	104.596
647	129	273	596	150	1	275	143	1	105.967
1604	119	247	112	154	265	1819	116	1	-26.8019
855	129	256	460	143	263	137	157	1	103.191
1749	129	238	225	154	1	0	0	1	51.5348
271	154	247	386	125	1	0	0	1	105.908
876	139	263	594	122	247	0	0	1	105.722
661	139	204	754	132	111	0	0	111	104.694
291	154	247	2514	113	230	0	0	247	10.725
238	122	265	983	136	1	870	113	1	67.098
651	150	204	631	132	238	0	0	1	103.943
580	147	281	511	122	1	202	129	1	105.264
441	157	204	790	139	265	0	0	265	104.623
771	132	273	514	122	1	244	143	1	106.895
1431	113	85	59	116	1	0	0	1	-35.0267
1014	139	212	86	116	256	0	0	1	102.519
3127	113	265	91	150	301	770	113	1	-51.9771
595	150	281	492	125	1	223	143	1	106.225
571	132	220	1990	147	281	0	0	0	26.4469
2340	116	229	291	119	1	0	0	1	0.738534
339	154	85	2644	147	230	2327	136	1	-112.871
1530	113	212	627	132	230	0	0	230	55.6005
4186	150	212	447	129	103	0	0	1	-169.956
681	161	335	669	136	1	0	0	1	67.4549
663	125	265	60	113	204	639	147	1	106.927
149	157	256	778	122	1	679	147	1	104.373
451	132	238	1722	139	265	0	0	1	55.5253
780	147	256	207	125	1	0	0	1	104.535
2811	154	281	787	119	85	0	0	281	-44.5506
587	139	204	110	143	1	0	0	1	105.025
100	157	273	560	143	1	0	0	1	104.558
51	125	238	4412	136	276	2930	143	1	-245.779
1865	154	256	1422	161	273	0	0	273	54.5906
155	125	256	802	147	1	176	122	1	106.406
25	129	222	1679	147	265	462	122	1	58.6836
77	139	255	452	125	247	1026	143	1	103.889
17	116	103	1177	164	220	1895	119	1	-26.3786
11	122	265	1923	113	230	1467	136	1	-22.7484
440	139	238	769	147	273	0	0	1	102.769
127	132	247	652	150	265	663	129	1	100.817
953	125	263	404	143	265	0	0	1	106.123
1586	122	256	224	125	111	0	0	1	54.039
552	136	204	514	132	247	0	0	247	106.606
953	136	204	43	119	265	274	139	1	106.19
986	139	273	208	122	1	156	113	1	105.695
871	119	273	619	157	1	416	129	1	105.691
525	143	265	708	122	103	0	0	265	106.813
272	147	265	779	119	1	596	143	1	107.435
611	154	273	331	119	1	216	132	1	105.548
693	143	273	789	119	103	0	0	273	107.634
50	116	281	2717	116	229	589	119	1	-23.7384
998	139	273	366	119	1	217	116	1	107.017
610	147	273	490	122	111	0	0	1	105.301
446	132	265	625	136	111	0	0	265	106.11
1355	139	204	0	0	265	0	0	247	106.519
1430	129	273	662	119	111	0	0	1	62.7273
67	113	265	2393	116	103	1179	147	1	-25.7852
962	136	247	501	136	265	0	0	247	102.811
2540	132	284	1019	119	256	0	0	1	-29.4525
674	139	265	441	147	1	192	119	1	106.576
798	129	273	392	147	1	177	119	1	106.021
137	161	238	3428	113	212	260	125	1	-42.2555
1154	122	204	752	139	273	0	0	1	86.9588
45	122	273	599	139	238	750	132	1	103.242
200	122	256	517	129	1	361	154	1	101.664
219	157	256	980	129	1	268	139	1	104.69
356	122	281	31	143	273	811	150	1	103.374
2411	119	273	77	161	1	0	0	1	-18.3291
800	147	265	587	139	247	0	0	247	101.928
783	143	263	669	119	273	0	0	1	106.869
408	129	256	803	136	119	0	0	1	106.243
903	147	212	1413	119	265	0	0	265	69.7569
340	119	212	2284	129	265	0	0	0	-1.51299
765	136	247	393	161	1	202	125	1	103.646
707	122	229	628	143	256	0	0	1	107.156
377	139	229	1038	132	247	0	0	247	107.369
83	129	111	268	132	229	2567	113	1	-9.21121
514	116	273	535	139	1	241	164	1	107.996
513	125	265	13	125	281	606	143	1	102.639
694	139	229	674	136	273	0	0	1	101.936
162	125	204	51	125	273	977	136	1	106.364
527	150	229	639	129	256	0	0	256	106.144
2097	116	301	94	122	247	880	119	1	-48.072
9	125	238	559	129	273	791	147	1	102.09
40	154	281	542	129	247	632	132	1	106.829
