1877	154.22	148.78	873	116.54	183.76	-14.4277
2255	125.8	183.76	381	147.04	148.78	-15.71
1222	147.04	255.76	1450	113.75	175.22	-196.27
2420	136.15	166.43	356	129.15	183.76	-12.0895
2202	122.58	183.76	599	147.04	157.57	-11.3027
2341	129.15	183.76	518	139.76	157.57	-14.7463
2108	125.8	191.93	590	139.76	148.78	-12.791
5126	119.49	191.93	1129	147.04	140.24	96.2736
2168	150.66	157.57	632	116.54	183.76	-13.0317
2470	139.76	191.93	447	129.15	175.22	-10.7612
1108	132.61	132.07	947	125.8	166.43	-164.958
2888	119.49	220.78	1086	139.76	238.43	-245.9
2268	143.4	183.76	338	122.58	166.43	-11.1729
2371	129.15	183.76	530	136.15	157.57	-11.4473
1895	116.54	175.22	904	154.22	191.93	-12.9834
2138	139.76	183.76	460	129.15	157.57	-9.03672
2289	125.8	175.22	523	150.66	191.93	-14.6643
2082	116.54	191.93	774	147.04	148.78	-17.9178
2369	143.4	175.22	371	129.15	191.93	-16.1189
1838	113.75	175.22	930	157.71	157.57	-13.5398
1938	157.71	191.93	826	116.54	166.43	-13.1015
3176	143.4	175.22	574	122.58	157.57	-273.317
1937	132.61	175.22	950	161.09	140.24	-86.1604
1988	119.49	191.93	827	150.66	157.57	-11.7862
754	164.36	255.76	2100	122.58	166.43	-13.8693
2049	150.66	148.78	488	119.49	183.76	-17.6117
2004	122.58	191.93	679	157.71	166.43	-163.974
2288	125.8	183.76	562	139.76	166.43	-11.1537
2081	122.58	183.76	735	147.04	140.24	-15.9363
1368	132.61	148.78	352	116.54	191.93	-145.023
811	116.54	191.93	647	154.22	157.57	-148.933
1836	136.15	175.22	1402	119.49	140.24	-84.8185
2414	132.61	204.07	539	113.75	132.07	-10.6367
2179	154.22	204.07	754	113.75	148.78	-224.027
4741	122.58	183.76	1160	154.22	183.76	122.468
2273	122.58	175.22	479	147.04	191.93	-12.2424
2051	129.15	175.22	427	150.66	175.22	-13.7395
3649	143.4	191.93	1307	136.15	157.57	161.702
1837	113.75	175.22	882	154.22	191.93	-11.3454
1721	113.75	166.43	957	157.71	191.93	-14.8018
877	147.04	229.57	2550	113.75	157.57	-52.8548
2704	136.15	140.24	219	143.4	175.22	-240.425
2180	125.8	166.43	474	139.76	191.93	-12.4112
1951	119.49	191.93	822	143.4	140.24	-14.5762
5117	136.15	247.22	1937	113.75	140.24	26.6904
2375	139.76	183.76	363	139.76	166.43	-15.2139
4014	150.66	263.93	2355	113.75	157.57	88.1997
1636	150.66	132.07	1270	116.54	191.93	-12.0611
1563	116.54	255.76	1942	113.75	132.07	-262.93
1616	154.22	191.93	194	132.61	140.24	-168.338
2460	139.76	157.57	298	125.8	191.93	-18.6569
2224	136.15	157.57	249	129.15	191.93	-14.8829
2258	139.76	148.78	422	125.8	191.93	-15.1805
334	132.61	238.43	2562	113.75	175.22	-273.147
1767	147.04	140.24	842	116.54	191.93	-11.1131
2205	150.66	183.76	439	122.58	166.43	-14.1972
3353	122.58	229.57	1391	139.76	212.24	-284.625
1263	150.66	212.24	1506	113.75	157.57	-15.4929
2375	122.58	175.22	571	150.66	175.22	-12.6138
1438	164.36	255.76	2069	122.58	175.22	-269.661
2066	122.58	191.93	621	147.04	148.78	-15.1399
1707	116.54	175.22	878	150.66	148.78	-175.712
2161	122.58	183.76	484	147.04	148.78	-13.8877
1874	116.54	191.93	842	150.66	148.78	-13.2595
1516	116.54	175.22	881	157.71	157.57	-9.30711
2398	139.76	191.93	228	132.61	166.43	-15.1661
2770	143.4	204.07	580	113.75	148.78	-47.3557
2172	116.54	191.93	686	150.66	175.22	-15.3527
2694	119.49	191.93	417	154.22	148.78	-39.2528
1952	136.15	183.76	377	129.15	166.43	1.91265
1269	125.8	238.43	1086	113.75	132.07	-201.845
1412	136.15	175.22	585	147.04	132.07	-148.67
4013	143.4	356.24	783	154.22	13.57	-247.455
3422	139.76	166.43	697	119.49	166.43	9.42856
6181	129.15	191.93	475	143.4	157.57	70.9077
1761	116.54	191.93	1016	154.22	148.78	-13.486
925	139.76	220.78	2860	113.75	157.57	-285.884
1763	116.54	191.93	882	157.71	157.57	-14.3679
2243	132.61	191.93	372	139.76	157.57	-14.4854
1477	164.36	166.43	985	113.75	183.76	-11.6566
1940	157.71	191.93	690	116.54	175.22	-15.5195
1162	147.04	204.07	1740	113.75	157.57	-13.7183
184	116.54	263.93	4957	113.75	140.24	-194.106
1224	164.36	229.57	1417	116.54	166.43	-12.9427
2217	150.66	183.76	340	122.58	166.43	-14.5146
2266	143.4	191.93	296	125.8	166.43	-13.365
1580	147.04	175.22	685	113.75	148.78	-184.837
2224	132.61	191.93	507	139.76	148.78	-15.912
2340	136.15	183.76	302	143.4	157.57	-17.7356
2102	122.58	166.43	648	154.22	191.93	-14.2222
473	132.61	247.22	2127	113.75	140.24	-239.177
3135	125.8	175.22	204	164.36	175.22	-52.932
2203	147.04	157.57	390	129.15	183.76	-17.485
2444	139.76	175.22	322	132.61	175.22	-12.7066
2372	122.58	183.76	291	147.04	183.76	-14.0452
1931	113.75	166.43	794	154.22	191.93	-13.8283
2247	147.04	157.57	656	119.49	183.76	-11.8194
2184	132.61	183.76	439	139.76	157.57	-13.4179
2093	129.15	183.76	496	143.4	157.57	-10.7369
5069	125.8	183.76	937	150.66	157.57	110.352
1352	132.61	191.93	358	116.54	140.24	-176.886
1686	113.75	157.57	455	143.4	132.07	-213.556
557	125.8	212.24	740	113.75	166.43	-142.909
1539	143.4	229.57	819	113.75	166.43	-192.952
706	139.76	148.78	323	157.71	191.93	-194.73
55	122.58	148.78	237	154.22	175.22	-282.558
2297	119.49	183.76	669	147.04	166.43	-13.8442
2249	139.76	191.93	308	129.15	148.78	-16.3943
1804	154.22	212.24	1127	113.75	175.22	-11.4841
916	125.8	140.24	523	154.22	175.22	-162.354
2110	125.8	191.93	612	147.04	157.57	-14.066
1559	113.75	191.93	1137	157.71	157.57	-14.3151
1169	150.66	204.07	1540	113.75	157.57	-13.9175
2340	132.61	204.07	565	113.75	132.07	-10.9217
2199	147.04	157.57	541	122.58	183.76	-16.0491
1877	116.54	191.93	913	150.66	157.57	-12.8427
2348	143.4	191.93	381	122.58	175.22	-13.5806
1877	157.71	148.78	824	116.54	191.93	-16.7839
2170	119.49	183.76	675	150.66	148.78	-12.2569
2281	136.15	191.93	436	129.15	148.78	-12.1956
1007	157.71	255.76	1436	113.75	175.22	-171.036
1964	154.22	191.93	815	116.54	166.43	-12.3665
2213	154.22	247.22	538	113.75	191.93	-288.003
908	147.04	220.78	2037	113.75	157.57	-35.2568
1778	116.54	191.93	923	150.66	148.78	-13.113
2194	125.8	191.93	624	147.04	157.57	-13.5503
2335	129.15	191.93	381	143.4	175.22	-13.7556
2503	154.22	132.07	470	116.54	183.76	-212.175
2707	132.61	191.93	369	125.8	148.78	-28.7371
1971	147.04	148.78	689	116.54	191.93	-13.6447
1855	116.54	191.93	771	150.66	157.57	-13.4729
1312	150.66	204.07	1515	113.75	157.57	-14.9814
2103	129.15	191.93	571	136.15	140.24	-14.8821
2018	143.4	166.43	332	113.75	183.76	11.4785
4110	161.09	157.57	1234	125.8	183.76	135.754
1030	157.71	212.24	1541	113.75	166.43	-13.1492
2394	147.04	191.93	494	119.49	175.22	-12.7615
1586	161.09	157.57	1238	113.75	175.22	-9.94599
2064	122.58	166.43	643	154.22	191.93	-13.5722
1314	113.75	132.07	1511	154.22	191.93	-12.8342
1741	113.75	166.43	1003	154.22	191.93	-14.2043
2179	122.58	191.93	550	143.4	157.57	-12.3847
2035	119.49	191.93	960	147.04	140.24	-13.6637
919	154.22	140.24	532	136.15	166.43	-165.774
989	136.15	132.07	694	125.8	157.57	-168.021
2243	136.15	148.78	552	129.15	191.93	-13.3416
1671	136.15	212.24	806	113.75	140.24	-12.1474
757	132.61	175.22	1840	147.04	191.93	-231.86
2271	122.58	166.43	661	147.04	183.76	-11.3788
2164	119.49	191.93	794	147.04	140.24	-17.3199
2020	122.58	191.93	530	154.22	148.78	-17.1911
2151	125.8	183.76	535	147.04	157.57	-12.699
5673	147.04	183.76	420	129.15	157.57	84.9021
1684	139.76	132.07	1232	119.49	191.93	-10.8382
2136	122.58	183.76	675	150.66	157.57	-13.9588
115	147.04	229.57	1816	113.75	183.76	-200.317
2490	139.76	183.76	381	125.8	183.76	-12.3475
2499	136.15	229.57	991	113.75	140.24	-66.3429
2037	136.15	157.57	697	129.15	183.76	-210.202
2229	129.15	175.22	511	139.76	191.93	-9.86996
2181	147.04	166.43	429	122.58	183.76	-12.853
1876	161.09	140.24	1119	129.15	191.93	-237.336
2250	147.04	191.93	269	122.58	166.43	-15.7638
2117	125.8	191.93	590	150.66	148.78	-16.4171
1895	116.54	191.93	698	150.66	166.43	-10.7318
2274	143.4	157.57	299	125.8	191.93	-13.0106
1846	161.09	148.78	837	119.49	175.22	-16.0495
1364	116.54	191.93	1472	150.66	132.07	-13.2018
2162	122.58	183.76	729	147.04	148.78	-15.2111
1398	129.15	166.43	1479	154.22	191.93	-222.49
2144	157.71	183.76	528	116.54	183.76	-16.2536
907	139.76	157.57	737	119.49	175.22	-141.467
2593	116.54	183.76	620	143.4	132.07	-255.326
4958	122.58	175.22	960	154.22	191.93	115.179
1909	147.04	148.78	775	119.49	183.76	-9.90015
1780	116.54	183.76	815	161.09	183.76	-16.6552
459	164.36	263.93	2495	122.58	166.43	-14.224
2218	143.4	148.78	392	122.58	183.76	-15.5934
2380	139.76	183.76	341	132.61	166.43	-15.2114
1115	154.22	204.07	1711	113.75	166.43	-14.2173
1434	125.8	183.76	715	150.66	140.24	-131.72
2116	122.58	191.93	541	143.4	157.57	-11.4309
1911	119.49	183.76	863	147.04	148.78	-9.7772
4489	122.58	191.93	1258	143.4	148.78	130
1889	154.22	157.57	841	116.54	183.76	-11.8969
1955	161.09	157.57	824	116.54	175.22	-23.5475
1923	157.71	191.93	573	116.54	166.43	-15.9962
1240	113.75	132.07	1294	161.09	183.76	-11.5257
742	139.76	175.22	228	119.49	191.93	-132.778
1590	113.75	191.93	1093	150.66	140.24	-16.4326
2359	139.76	183.76	198	132.61	157.57	-15.2359
1776	113.75	191.93	1119	150.66	157.57	-12.8795
2011	119.49	191.93	760	150.66	157.57	-13.8419
2063	154.22	166.43	579	119.49	183.76	-13.4961
1431	125.8	191.93	298	116.54	148.78	-163.24
1639	147.04	132.07	1062	119.49	191.93	-14.616
2759	139.76	175.22	1950	132.61	140.24	94.0405
1536	150.66	157.57	205	116.54	191.93	-16.5494
2700	143.4	31.22	1298	143.4	348.07	-219.312
1946	154.22	175.22	853	116.54	175.22	-8.30259
1726	150.66	132.07	826	116.54	191.93	-14.0362
1777	116.54	175.22	940	154.22	191.93	-6.89888
2147	119.49	191.93	433	150.66	166.43	-169.775
2416	129.15	183.76	305	139.76	166.43	-14.7706
2349	129.15	183.76	527	136.15	157.57	-14.1813
2079	122.58	191.93	732	147.04	157.57	-11.9921
1808	122.58	191.93	492	154.22	132.07	-173.495
1896	116.54	191.93	1017	150.66	140.24	-20.6433
923	164.36	255.76	1642	119.49	175.22	-15.8746
1987	143.4	220.78	764	113.75	148.78	-38.5452
2124	119.49	140.24	271	125.8	175.22	-188.02
1129	164.36	229.57	1443	116.54	157.57	-17.4529
1307	143.4	183.76	686	116.54	157.57	-174.44
1681	147.04	247.22	935	113.75	148.78	-57.069
682	164.36	255.76	2191	122.58	166.43	-14.4858
2231	129.15	175.22	558	150.66	175.22	-14.9855
3473	119.49	183.76	353	143.4	148.78	-257.825
2277	129.15	183.76	557	150.66	157.57	-17.7377
1571	113.75	183.76	904	154.22	157.57	-11.158
2083	147.04	148.78	708	116.54	191.93	-13.6682
2520	139.76	220.78	799	113.75	140.24	-210.34
1807	154.22	148.78	979	116.54	191.93	-13.8797
2427	147.04	166.43	419	116.54	183.76	-17.8049
1969	129.15	191.93	592	143.4	148.78	-13.3508
90	119.49	220.78	1294	113.75	157.57	-187.712
1522	164.36	132.07	762	116.54	183.76	-16.5982
503	136.15	238.43	3385	113.75	148.78	-102.806
566	147.04	263.93	1689	113.75	148.78	-167.032
424	147.04	140.24	504	132.61	191.93	-143.022
1563	161.09	148.78	977	113.75	183.76	-15.2696
1982	119.49	183.76	544	129.15	148.78	-179.777
2014	122.58	175.22	692	161.09	140.24	-186.344
2325	147.04	157.57	568	119.49	191.93	-18.2921
2241	136.15	191.93	628	125.8	157.57	-12.8422
1033	132.61	212.24	267	113.75	140.24	-165.583
1952	122.58	166.43	905	154.22	166.43	-196.384
1264	113.75	132.07	1326	164.36	183.76	-15.2777
1210	132.61	157.57	960	113.75	191.93	-179.38
1869	116.54	183.76	841	147.04	140.24	-14.5315
2295	113.75	175.22	621	139.76	175.22	-178.782
2452	147.04	191.93	402	122.58	166.43	-21.5164
2214	125.8	191.93	537	150.66	157.57	-14.4492
2370	147.04	132.07	505	122.58	183.76	-204.96
2459	129.15	191.93	442	143.4	148.78	-22.4905
4413	150.66	140.24	1135	125.8	191.93	127.964
1747	143.4	132.07	880	119.49	191.93	-12.9692
2171	129.15	183.76	573	147.04	148.78	-15.1084
2067	125.8	183.76	539	150.66	140.24	-17.4144
2272	125.8	175.22	402	150.66	175.22	-15.8944
2014	147.04	148.78	800	116.54	183.76	-13.4811
2097	122.58	191.93	745	143.4	140.24	-16.9516
1891	139.76	212.24	992	113.75	148.78	-14.4797
775	125.8	157.57	843	147.04	140.24	-179.369
5883	125.8	183.76	533	147.04	148.78	76.7192
1978	113.75	175.22	1234	161.09	191.93	-277.064
2318	129.15	183.76	286	136.15	157.57	-12.4798
2069	154.22	157.57	622	119.49	175.22	-16.747
3008	113.75	157.57	221	139.76	183.76	-240.812
2274	143.4	191.93	336	125.8	166.43	-14.9193
2104	154.22	191.93	764	116.54	175.22	-14.2439
2209	150.66	157.57	283	119.49	183.76	-12.636
2094	125.8	183.76	484	147.04	148.78	-15.943
2392	143.4	148.78	278	132.61	183.76	-183.35
1474	119.49	175.22	607	116.54	183.76	-177.345
1793	157.71	157.57	930	116.54	183.76	-11.5277
2269	132.61	166.43	360	143.4	183.76	-16.0078
2141	132.61	148.78	811	113.75	175.22	-224.866
3970	164.36	140.24	2656	139.76	175.22	91.6573
4820	147.04	140.24	1115	125.8	191.93	112.164
2506	161.09	191.93	2493	129.15	140.24	-16.5523
2213	147.04	175.22	440	119.49	175.22	-14.7709
2162	113.75	183.76	767	161.09	148.78	-32.8156
2248	122.58	191.93	648	143.4	157.57	-15.1212
2352	129.15	183.76	494	147.04	166.43	-17.5499
2112	154.22	166.43	422	122.58	166.43	-18.0985
2023	119.49	191.93	642	154.22	166.43	-13.079
2096	122.58	175.22	692	154.22	191.93	-14.8529
1549	154.22	132.07	1140	116.54	191.93	-14.9203
2569	132.61	204.07	654	113.75	132.07	-262.083
2013	125.8	191.93	641	143.4	140.24	-14.9332
586	143.4	229.57	1298	113.75	132.07	-209.384
5797	157.71	148.78	715	119.49	183.76	71.4324
5255	154.22	157.57	685	125.8	191.93	98.1948
2162	122.58	191.93	603	143.4	148.78	-15.3308
1562	136.15	191.93	929	119.49	157.57	-160.844
2121	122.58	166.43	684	150.66	191.93	-12.8134
2137	129.15	175.22	580	147.04	157.57	-9.25321
397	150.66	247.22	3740	113.75	157.57	-100.754
2165	129.15	175.22	564	147.04	175.22	-10.2497
1884	150.66	140.24	736	119.49	191.93	-13.1243
1887	143.4	140.24	923	119.49	191.93	-13.0593
1362	157.71	247.22	331	113.75	183.76	-194.07
2397	119.49	183.76	858	119.49	148.78	-264.04
1933	154.22	166.43	678	113.75	191.93	-10.9825
4440	150.66	132.07	1447	119.49	191.93	117.26
2018	125.8	191.93	768	143.4	140.24	-16.1599
2493	129.15	166.43	443	139.76	183.76	-15.1516
2001	154.22	183.76	379	116.54	166.43	-14.2118
632	154.22	183.76	744	136.15	157.57	-143.793
1667	161.09	148.78	908	116.54	183.76	-15.5454
6386	119.49	191.93	700	147.04	132.07	44.9213
1535	147.04	157.57	613	139.76	157.57	-250.659
1946	147.04	140.24	860	119.49	191.93	-13.8594
1365	113.75	132.07	1517	157.71	183.76	-14.2222
2379	139.76	191.93	259	129.15	166.43	-16.3571
2442	139.76	183.76	333	129.15	183.76	-14.7139
457	164.36	229.57	1211	122.58	191.93	-151.959
2431	143.4	157.57	323	122.58	191.93	-19.3302
618	150.66	247.22	3241	113.75	157.57	-78.2296
3077	139.76	183.76	210	129.15	148.78	-222.516
2347	132.61	166.43	399	139.76	191.93	-14.1241
433	129.15	212.24	2625	113.75	157.57	-202.795
1634	161.09	148.78	1116	113.75	175.22	-14.0547
4221	150.66	191.93	1097	129.15	166.43	141.258
1357	113.75	148.78	990	119.49	191.93	-172.146
4114	116.54	132.07	1875	132.61	175.22	-86.9518
1208	154.22	204.07	1574	113.75	157.57	-14.7843
1728	125.8	175.22	794	147.04	175.22	-173.55
1229	129.15	166.43	420	139.76	132.07	-162.048
1813	116.54	183.76	1111	122.58	148.78	-224.447
1851	157.71	148.78	830	116.54	183.76	-14.9099
2161	125.8	183.76	535	150.66	157.57	-17.1862
2343	139.76	183.76	465	132.61	157.57	-15.4345
1123	157.71	204.07	1548	113.75	157.57	-18.9193
1796	139.76	204.07	1025	113.75	132.07	-12.8027
903	129.15	204.07	1687	113.75	140.24	-174.903
2139	122.58	183.76	516	154.22	166.43	-14.7045
1984	119.49	175.22	564	161.09	157.57	-19.452
2102	122.58	175.22	597	157.71	175.22	-14.4797
2221	147.04	191.93	372	122.58	166.43	-15.1436
1624	164.36	229.57	2744	139.76	175.22	93.8082
2384	125.8	183.76	548	147.04	183.76	-13.3894
1869	154.22	140.24	1017	116.54	183.76	-16.6017
2056	143.4	148.78	752	119.49	191.93	-13.0592
2309	129.15	183.76	464	136.15	157.57	-11.6115
2746	154.22	183.76	887	116.54	166.43	-236.391
2215	122.58	140.24	579	147.04	183.76	-192.753
2157	143.4	148.78	486	116.54	191.93	-14.8204
1693	150.66	132.07	834	119.49	191.93	-14.5588
1685	116.54	191.93	961	143.4	140.24	-11.9463
2292	125.8	175.22	425	147.04	191.93	-13.7576
2786	116.54	191.93	535	125.8	132.07	-260.378
1793	150.66	229.57	1298	113.75	157.57	-29.3628
1617	164.36	148.78	1050	119.49	183.76	-16.0149
1665	113.75	191.93	977	150.66	148.78	-14.5059
4143	150.66	191.93	1334	125.8	166.43	146.65
2275	143.4	157.57	409	125.8	183.76	-13.9162
912	154.22	204.07	1270	113.75	132.07	-183.471
1978	157.71	191.93	647	116.54	175.22	-14.0137
3040	122.58	191.93	742	136.15	157.57	-272.432
2190	122.58	175.22	555	154.22	157.57	-18.4262
2065	154.22	157.57	579	116.54	175.22	-16.3762
2027	150.66	157.57	691	116.54	191.93	-13.1609
1647	143.4	212.24	1163	113.75	157.57	-14.0273
1825	161.09	148.78	984	119.49	183.76	-16.0505
1798	147.04	140.24	849	116.54	191.93	-14.058
1435	129.15	238.43	2583	113.75	132.07	-100.746
2425	119.49	263.93	1810	113.75	140.24	-141.369
2322	143.4	166.43	435	122.58	191.93	-13.3014
2474	116.54	183.76	465	164.36	140.24	-218.203
1440	129.15	175.22	1273	147.04	191.93	-170.672
1728	113.75	183.76	1024	157.71	157.57	-15.1392
2215	129.15	191.93	493	150.66	175.22	-13.7023
2147	147.04	148.78	262	116.54	183.76	-14.303
1557	143.4	204.07	1320	113.75	140.24	-11.2561
2183	129.15	183.76	470	143.4	157.57	-14.1106
2167	125.8	166.43	530	150.66	191.93	-16.4878
2457	129.15	183.76	415	147.04	183.76	-13.8647
2370	147.04	191.93	365	125.8	175.22	-15.8453
2458	122.58	191.93	310	132.61	157.57	-182.087
2267	129.15	191.93	509	136.15	157.57	-12.9419
2302	122.58	183.76	556	147.04	148.78	-15.4092
2228	129.15	157.57	533	143.4	191.93	-13.8915
2386	129.15	183.76	295	136.15	157.57	-14.2794
854	129.15	140.24	342	143.4	157.57	-156.006
2405	154.22	157.57	322	116.54	175.22	-26.9027
5560	157.71	183.76	881	116.54	166.43	83.4283
1539	122.58	191.93	793	129.15	132.07	-187.116
2114	116.54	183.76	610	154.22	166.43	-14.5309
2627	129.15	191.93	241	139.76	140.24	-34.2669
1928	154.22	140.24	944	116.54	191.93	-18.4787
1081	132.61	229.57	2779	113.75	140.24	-81.0478
1727	164.36	166.43	685	116.54	183.76	-15.4252
2128	154.22	157.57	177	119.49	183.76	-21.1494
1220	113.75	204.07	981	113.75	175.22	-243.151
1944	113.75	166.43	677	139.76	140.24	-187.665
2251	143.4	183.76	291	113.75	148.78	3.15524
2234	125.8	191.93	578	147.04	157.57	-14.691
985	150.66	204.07	1750	113.75	175.22	-12.9255
2850	116.54	157.57	463	154.22	191.93	-228.714
2293	125.8	157.57	598	139.76	191.93	-11.7029
1040	154.22	204.07	1730	113.75	157.57	-21.1385
749	132.61	247.22	3532	113.75	140.24	-115.567
2432	129.15	175.22	306	147.04	175.22	-16.787
1203	154.22	204.07	1429	113.75	157.57	-15.1531
1385	113.75	238.43	603	113.75	140.24	-193.8
2480	143.4	183.76	289	125.8	157.57	-18.8385
2381	136.15	191.93	364	116.54	132.07	-6.47381
2369	139.76	157.57	512	125.8	191.93	-14.6156
5090	147.04	183.76	4519	122.58	140.24	-272.766
1551	154.22	263.93	896	113.75	157.57	-54.2016
2379	139.76	183.76	172	119.49	166.43	-197.272
4130	136.15	183.76	1217	143.4	157.57	145.425
1995	122.58	191.93	790	147.04	140.24	-16.0578
2217	143.4	191.93	356	122.58	166.43	-12.1524
1022	132.61	212.24	2736	113.75	140.24	-244.823
380	161.09	263.93	3466	113.75	157.57	-93.5733
1905	161.09	157.57	790	116.54	175.22	-18.4715
2576	147.04	140.24	917	119.49	175.22	-268.956
2208	125.8	157.57	558	147.04	191.93	-15.9536
2335	139.76	191.93	461	129.15	157.57	-14.0583
4458	122.58	183.76	1278	157.71	166.43	126.405
1983	157.71	220.78	861	113.75	148.78	-37.3985
1640	154.22	132.07	1102	116.54	191.93	-14.9769
1210	129.15	175.22	840	113.75	140.24	-229.654
6153	150.66	175.22	2540	143.4	132.07	-104.63
1392	116.54	183.76	888	132.61	132.07	-176.315
3971	132.61	157.57	1314	147.04	183.76	152.61
2251	132.61	183.76	470	147.04	157.57	-14.4321
2134	154.22	183.76	284	122.58	166.43	-16.3306
2178	147.04	157.57	365	122.58	183.76	-16.4616
5154	161.09	132.07	1124	113.75	183.76	82.8302
2071	122.58	191.93	672	143.4	140.24	-12.7676
1860	113.75	183.76	890	154.22	157.57	-14.0376
2448	147.04	157.57	189	116.54	183.76	-179.763
2050	119.49	191.93	715	150.66	148.78	-14.3703
2371	129.15	175.22	388	139.76	157.57	-13.3276
1936	157.71	157.57	990	113.75	183.76	-12.2123
1865	119.49	183.76	723	154.22	157.57	-13.2696
2046	119.49	183.76	868	150.66	157.57	-10.4607
2367	129.15	175.22	364	139.76	191.93	-12.0161
989	164.36	204.07	640	132.61	175.22	-239.158
2149	125.8	183.76	460	147.04	157.57	-14.9048
2338	129.15	183.76	414	147.04	183.76	-14.7923
1499	150.66	204.07	1237	113.75	148.78	-15.2839
3160	116.54	157.57	356	125.8	175.22	-264.139
846	116.54	132.07	863	132.61	220.78	-188.896
637	139.76	247.22	3021	113.75	157.57	-83.6114
1903	116.54	191.93	975	143.4	148.78	-13.3911
982	154.22	212.24	2210	113.75	157.57	-34.6422
2414	147.04	140.24	648	116.54	191.93	-28.609
430	129.15	140.24	570	161.09	157.57	-155.754
913	154.22	204.07	1665	113.75	166.43	-16.5429
1973	119.49	183.76	831	157.71	157.57	-15.8359
2072	154.22	191.93	685	116.54	166.43	-14.4159
1930	116.54	191.93	569	154.22	166.43	-14.0723
2245	143.4	191.93	331	122.58	175.22	-10.368
2328	139.76	191.93	453	132.61	157.57	-16.8893
654	113.75	191.93	303	122.58	157.57	-164.453
2151	125.8	191.93	489	147.04	166.43	-12.5444
2025	154.22	175.22	779	116.54	175.22	-13.7408
1673	164.36	191.93	1119	116.54	166.43	-16.8733
1908	122.58	191.93	972	143.4	140.24	-19.3075
1989	119.49	191.93	769	147.04	148.78	-12.3016
1275	164.36	132.07	1274	116.54	191.93	-15.0836
2429	129.15	191.93	371	147.04	166.43	-20.4851
2184	125.8	183.76	559	147.04	157.57	-13.6505
2425	132.61	183.76	327	139.76	183.76	-15.3413
2265	125.8	166.43	559	147.04	191.93	-15.6617
2373	129.15	191.93	399	143.4	166.43	-12.5506
2177	147.04	183.76	514	129.15	166.43	-13.6441
2278	143.4	157.57	566	122.58	191.93	-12.8584
1106	125.8	238.43	3036	113.75	132.07	-110.166
2367	129.15	183.76	506	139.76	157.57	-12.7211
5334	132.61	191.93	699	147.04	157.57	98.5879
377	147.04	255.76	2566	113.75	183.76	-239.584
1369	113.75	148.78	1409	164.36	183.76	-12.8373
2630	150.66	220.78	1040	113.75	148.78	-255.603
2576	116.54	175.22	275	154.22	148.78	-201.462
1624	122.58	191.93	866	154.22	148.78	-203.236
2016	119.49	175.22	840	154.22	157.57	-15.3867
2113	119.49	183.76	648	154.22	157.57	-17.0277
2389	136.15	175.22	426	129.15	191.93	-12.8126
2035	150.66	166.43	925	132.61	166.43	-227.101
1873	119.49	255.76	2543	113.75	140.24	-123.169
1287	132.61	220.78	2008	113.75	132.07	-55.5216
2156	136.15	263.93	1520	113.75	148.78	-252.656
2183	129.15	191.93	613	139.76	148.78	-10.8938
2172	143.4	157.57	716	125.8	175.22	-189.435
1846	161.09	157.57	638	116.54	175.22	-16.2288
1088	147.04	212.24	1770	113.75	166.43	-13.8402
2776	132.61	140.24	562	119.49	175.22	-252.471
3945	154.22	157.57	1276	132.61	183.76	151.795
2516	116.54	183.76	529	161.09	140.24	-40.6056
2246	119.49	183.76	717	154.22	175.22	-13.3934
5005	143.4	238.43	1669	113.75	148.78	54.1689
1430	129.15	157.57	961	150.66	183.76	-178.954
1096	154.22	204.07	1731	113.75	166.43	-14.7677
2081	119.49	191.93	840	147.04	148.78	-12.74
1642	119.49	238.43	1786	113.75	148.78	-272.179
4999	129.15	191.93	1030	139.76	148.78	111.458
1639	150.66	132.07	943	116.54	191.93	-15.0766
2336	136.15	191.93	377	125.8	157.57	-13.8304
1786	147.04	132.07	810	119.49	191.93	-13.3815
2137	125.8	175.22	566	139.76	148.78	-184.874
1557	164.36	191.93	1077	116.54	175.22	-13.0108
1588	119.49	183.76	1010	154.22	148.78	-9.77049
1818	113.75	175.22	928	157.71	148.78	-16.6095
1556	113.75	166.43	1069	157.71	191.93	-16.5629
2423	129.15	183.76	459	139.76	157.57	-13.9759
1684	161.09	166.43	953	113.75	183.76	-13.8124
907	136.15	255.76	7554	113.75	148.78	-54.869
4997	125.8	175.22	948	154.22	175.22	110.422
2374	132.61	175.22	454	139.76	191.93	-13.6393
2391	139.76	175.22	421	129.15	157.57	-14.8007
280	129.15	255.76	4195	113.75	140.24	-152.232
495	147.04	247.22	896	113.75	166.43	-227.864
774	132.61	247.22	321	113.75	183.76	-180.389
2638	136.15	204.07	237	113.75	132.07	-13.7503
343	136.15	247.22	2278	113.75	157.57	-232.455
5224	150.66	140.24	951	113.75	191.93	87.2089
1118	164.36	229.57	1585	119.49	157.57	-180.948
2755	147.04	175.22	666	119.49	191.93	-231.858
1031	136.15	247.22	1494	113.75	148.78	-184.567
3242	116.54	183.76	1889	154.22	148.78	150.212
2350	122.58	175.22	561	147.04	175.22	-10.7373
1674	116.54	191.93	1143	150.66	140.24	-17.2574
2316	139.76	191.93	368	132.61	166.43	-10.8189
1931	116.54	191.93	776	150.66	157.57	-12.5271
2167	129.15	191.93	724	139.76	140.24	-12.8884
726	129.15	238.43	3046	113.75	140.24	-98.9217
1854	157.71	157.57	872	116.54	183.76	-14.5117
1425	147.04	212.24	1002	113.75	148.78	-16.3725
2339	129.15	191.93	552	139.76	157.57	-12.8819
5061	122.58	157.57	4383	113.75	132.07	-16.4986
1661	116.54	175.22	864	157.71	191.93	-13.5825
2133	113.75	191.93	350	136.15	132.07	-171.678
2371	136.15	175.22	370	143.4	191.93	-16.3581
2392	113.75	191.93	691	154.22	132.07	-39.6616
2823	119.49	191.93	187	113.75	157.57	-213.8
1883	125.8	166.43	685	147.04	191.93	-5.18054
2205	129.15	191.93	434	143.4	148.78	-17.7602
1651	129.15	157.57	665	116.54	183.76	-172.361
1313	132.61	220.78	2074	113.75	132.07	-213.53
1494	164.36	148.78	1176	113.75	183.76	-14.4382
2301	129.15	175.22	499	150.66	175.22	-15.3708
1383	147.04	204.07	1168	113.75	140.24	-12.4861
1815	116.54	175.22	914	157.71	157.57	-18.5247
2375	132.61	183.76	344	143.4	157.57	-17.1909
1953	136.15	204.07	770	113.75	132.07	-15.2157
1846	119.49	191.93	867	147.04	148.78	-13.7887
1669	164.36	204.07	542	136.15	166.43	-195.332
2370	125.8	183.76	505	150.66	166.43	-17.6792
1688	150.66	132.07	1036	116.54	191.93	-14.0751
2397	132.61	166.43	278	139.76	191.93	-13.6973
1993	136.15	204.07	862	113.75	132.07	-13.4271
2019	122.58	166.43	748	154.22	191.93	-14.2396
1921	113.75	166.43	1013	154.22	183.76	-12.1973
1515	157.71	132.07	734	113.75	191.93	-15.3128
1186	164.36	263.93	310	122.58	148.78	-182.943
2124	143.4	191.93	670	122.58	157.57	-13.072
2166	154.22	166.43	411	119.49	183.76	-16.6299
2238	150.66	191.93	559	122.58	175.22	-11.3552
1688	161.09	212.24	1298	113.75	175.22	-16.5843
1167	143.4	166.43	726	113.75	191.93	-120.636
125	161.09	212.24	1217	113.75	175.22	-26.0377
1382	147.04	212.24	1681	113.75	157.57	-13.3883
618	139.76	148.78	1574	154.22	166.43	-160.173
2344	125.8	191.93	589	139.76	175.22	-9.89645
2299	143.4	157.57	412	129.15	191.93	-17.1548
2410	161.09	191.93	423	129.15	175.22	-220.29
2436	122.58	175.22	241	161.09	157.57	-175.607
5127	129.15	191.93	894	150.66	157.57	106.826
1764	157.71	157.57	1229	113.75	191.93	-13.5313
2281	143.4	157.57	202	125.8	183.76	-17.1286
2371	136.15	191.93	423	129.15	157.57	-14.3509
644	136.15	247.22	3346	113.75	148.78	-95.7096
2108	150.66	204.07	3383	113.75	148.78	140.88
5646	113.75	191.93	1052	157.71	148.78	71.0072
1430	132.61	238.43	845	113.75	166.43	-181.419
999	139.76	229.57	2462	113.75	140.24	-61.1561
3121	113.75	183.76	2109	154.22	157.57	160.118
1835	113.75	183.76	1009	154.22	148.78	-15.5519
2337	150.66	183.76	795	125.8	157.57	-239.764
789	132.61	229.57	238	113.75	212.24	-276.167
3125	136.15	183.76	223	125.8	183.76	-215.962
1574	125.8	175.22	536	161.09	132.07	-194.887
280	136.15	238.43	1635	113.75	157.57	-182.045
1218	147.04	204.07	1605	113.75	157.57	-16.7981
1424	164.36	148.78	1134	116.54	175.22	-15.7302
1459	116.54	183.76	412	161.09	166.43	-138.147
6683	132.61	183.76	321	150.66	183.76	44.5681
1187	136.15	191.93	1273	143.4	166.43	6.07831
2407	125.8	191.93	582	139.76	140.24	-24.4589
6142	147.04	183.76	3480	157.71	157.57	-131.023
1523	136.15	183.76	1255	129.15	132.07	-172.929
2315	125.8	183.76	405	147.04	157.57	-14.8012
232	154.22	220.78	1443	113.75	166.43	-174.228
2145	161.09	157.57	322	113.75	183.76	-30.8073
2154	150.66	191.93	560	119.49	157.57	-15.6525
1977	157.71	191.93	481	119.49	175.22	-14.6522
6373	136.15	191.93	402	143.4	157.57	56.1608
2272	129.15	183.76	541	147.04	157.57	-15.0373
2119	122.58	191.93	669	150.66	148.78	-18.6706
2269	139.76	157.57	527	129.15	183.76	-10.0967
1724	116.54	175.22	876	157.71	175.22	-10.7321
2640	139.76	183.76	23	125.8	166.43	94.5474
1111	154.22	204.07	1589	113.75	157.57	-15.4684
2146	125.8	191.93	607	139.76	148.78	-12.8431
2119	154.22	183.76	436	122.58	166.43	-16.617
1887	157.71	191.93	834	119.49	175.22	-12.6613
1591	116.54	191.93	1160	150.66	140.24	-16.3386
1844	116.54	191.93	985	143.4	148.78	-13.4052
2161	150.66	191.93	109	116.54	175.22	-14.4195
1954	150.66	140.24	638	119.49	191.93	-15.4894
1992	150.66	148.78	499	119.49	191.93	-16.3788
1989	122.58	191.93	723	154.22	157.57	-15.0608
2276	129.15	175.22	491	147.04	191.93	-13.5693
2158	119.49	191.93	799	150.66	157.57	-14.1803
2276	129.15	183.76	449	143.4	157.57	-14.4028
1840	113.75	183.76	931	154.22	157.57	-14.8437
1894	125.8	183.76	613	143.4	166.43	-2.18585
2243	147.04	191.93	384	122.58	166.43	-14.1627
1956	122.58	157.57	681	147.04	191.93	-8.38069
1568	132.61	157.57	1495	125.8	183.76	-250.248
554	150.66	132.07	137	125.8	191.93	-166.542
450	116.54	263.93	4790	113.75	140.24	-208.019
2382	147.04	175.22	357	125.8	175.22	-16.4986
1631	161.09	140.24	1077	119.49	175.22	-15.8183
1259	116.54	183.76	943	139.76	148.78	-144.033
1174	122.58	263.93	1694	113.75	166.43	-204.324
1612	113.75	191.93	1102	154.22	140.24	-14.8347
1433	161.09	132.07	1206	113.75	183.76	-15.3073
5218	154.22	132.07	925	116.54	191.93	83.9698
1926	116.54	191.93	1020	164.36	276.07	-240.462
2218	125.8	175.22	534	147.04	191.93	-10.3213
2299	132.61	166.43	432	143.4	191.93	-18.5178
1818	150.66	140.24	936	116.54	191.93	-16.5786
5005	129.15	157.57	901	147.04	191.93	114.182
1383	150.66	166.43	753	136.15	148.78	-253.962
1581	147.04	247.22	1490	113.75	166.43	-42.8975
2019	119.49	191.93	654	143.4	140.24	-11.1744
2036	122.58	183.76	820	150.66	140.24	-16.719
1848	150.66	229.57	1396	113.75	157.57	-40.1171
2688	125.8	183.76	337	143.4	148.78	-29.7081
1542	143.4	212.24	1212	113.75	148.78	-14.8123
997	125.8	148.78	1018	150.66	157.57	-139.673
1954	157.71	157.57	688	116.54	175.22	-15.941
2370	129.15	166.43	552	143.4	183.76	-15.8281
2524	139.76	220.78	837	113.75	132.07	-243.289
2820	139.76	191.93	122	132.61	157.57	-33.3284
3193	129.15	157.57	522	122.58	191.93	-267.559
1935	150.66	140.24	707	122.58	191.93	-15.0481
1524	132.61	191.93	674	125.8	175.22	-144.883
38	122.58	319.22	3557	122.58	166.43	-64.3579
2882	136.15	183.76	237	125.8	166.43	-25.5221
1713	154.22	132.07	679	119.49	191.93	-16.3046
1484	119.49	157.57	849	125.8	175.22	-270.879
1984	125.8	191.93	743	147.04	140.24	-19.1947
2154	150.66	148.78	686	125.8	183.76	-16.3372
1899	147.04	140.24	752	119.49	191.93	-16.1476
2263	125.8	183.76	553	147.04	157.57	-12.3957
1789	116.54	191.93	976	147.04	140.24	-11.3631
4250	139.76	148.78	1233	139.76	191.93	141.459
1824	147.04	148.78	836	119.49	191.93	-7.24487
1711	150.66	140.24	1022	116.54	191.93	-10.6004
2357	143.4	175.22	345	122.58	175.22	-11.646
1001	164.36	229.57	1866	116.54	166.43	-12.8981
2344	125.8	183.76	455	139.76	157.57	-13.1357
2031	119.49	183.76	780	150.66	157.57	-12.3989
1641	157.71	132.07	418	132.61	183.76	-179.681
2277	139.76	157.57	455	132.61	191.93	-16.9588
1533	125.8	191.93	884	139.76	175.22	-164.607
2022	154.22	229.57	960	113.75	166.43	-31.5831
1642	113.75	191.93	1143	150.66	140.24	-15.9069
758	136.15	263.93	1458	113.75	148.78	-171.78
2480	116.54	175.22	669	132.61	148.78	-221.174
2287	122.58	183.76	530	150.66	183.76	-11.8891
2307	139.76	166.43	642	122.58	191.93	-10.7559
1265	147.04	204.07	1450	113.75	148.78	-18.0781
2156	125.8	166.43	591	147.04	191.93	-17.5118
2267	125.8	183.76	526	150.66	166.43	-13.5614
2278	136.15	166.43	528	143.4	191.93	-17.0624
1421	161.09	183.76	813	122.58	157.57	-193.711
2229	129.15	157.57	466	147.04	191.93	-17.4893
1966	161.09	157.57	388	116.54	175.22	-19.6054
2441	129.15	183.76	433	139.76	166.43	-11.3251
2235	125.8	166.43	414	150.66	183.76	-15.8538
4544	164.36	140.24	1328	113.75	191.93	106.857
5919	125.8	183.76	661	150.66	157.57	76.8822
2544	164.36	175.22	734	113.75	191.93	-250.255
1644	129.15	263.93	1315	113.75	183.76	-288.162
4081	161.09	148.78	1544	119.49	183.76	130.751
1936	119.49	183.76	861	154.22	148.78	-12.8399
5070	157.71	140.24	1130	119.49	191.93	95.3485
2275	136.15	191.93	389	143.4	157.57	-15.237
6902	157.71	319.22	3477	147.04	335.93	-282.58
2428	129.15	183.76	333	139.76	166.43	-12.7222
705	132.61	175.22	849	119.49	191.93	-111.882
2103	129.15	191.93	535	143.4	148.78	-18.13
2373	139.76	183.76	124	125.8	166.43	-14.9345
2551	143.4	148.78	509	113.75	191.93	-30.2141
1940	143.4	204.07	871	113.75	132.07	-17.5862
2040	154.22	157.57	686	116.54	191.93	-15.2821
1877	164.36	157.57	795	129.15	183.76	-188.643
2236	129.15	191.93	612	143.4	148.78	-16.9725
2696	139.76	175.22	921	119.49	140.24	92.7329
2097	150.66	148.78	879	116.54	183.76	-13.2669
1988	150.66	148.78	934	116.54	191.93	-12.6078
2160	125.8	183.76	701	150.66	157.57	-15.6599
2249	125.8	166.43	566	150.66	183.76	-15.3221
1425	164.36	148.78	1072	116.54	175.22	-11.8617
1988	119.49	191.93	367	132.61	148.78	-185.029
2476	143.4	191.93	254	125.8	157.57	-23.5239
1832	116.54	166.43	933	157.71	191.93	-13.8005
2285	122.58	132.07	920	113.75	183.76	-226.957
2191	125.8	191.93	688	143.4	148.78	-11.6081
1935	157.71	191.93	650	116.54	166.43	-16.5854
2286	132.61	166.43	496	139.76	191.93	-12.5104
1481	113.75	183.76	717	122.58	148.78	-193.399
1135	119.49	247.22	248	113.75	166.43	-178.701
1090	157.71	220.78	785	113.75	166.43	-149.145
2317	125.8	183.76	517	150.66	157.57	-16.2904
1827	150.66	140.24	902	116.54	191.93	-14.3591
1676	164.36	191.93	964	116.54	175.22	-14.4426
2347	143.4	191.93	425	125.8	175.22	-12.5628
803	147.04	229.57	2331	113.75	148.78	-54.076
918	132.61	229.57	1109	113.75	148.78	-177.508
5523	147.04	157.57	678	129.15	191.93	88.9723
1826	147.04	166.43	682	139.76	148.78	-199.088
2335	139.76	191.93	320	132.61	175.22	-13.4467
1138	132.61	238.43	2508	113.75	140.24	-74.1086
4295	161.09	132.07	2683	136.15	183.76	98.8123
2188	119.49	175.22	506	150.66	191.93	-12.9024
528	125.8	255.76	4057	113.75	140.24	-151.707
294	150.66	247.22	3736	113.75	157.57	-92.4451
2586	119.49	191.93	557	150.66	148.78	-33.8427
1831	113.75	183.76	1022	154.22	157.57	-11.9394
2042	150.66	191.93	653	116.54	166.43	-13.6718
1719	116.54	183.76	988	157.71	157.57	-17.627
1849	119.49	191.93	924	147.04	140.24	-13.2263
1855	116.54	175.22	918	154.22	157.57	-14.115
409	143.4	263.93	3743	113.75	157.57	-115.502
1938	116.54	191.93	715	147.04	157.57	-11.8116
2115	122.58	183.76	724	154.22	157.57	-15.2579
2248	125.8	175.22	484	150.66	175.22	-13.2769
915	139.76	148.78	405	132.61	191.93	-114.502
502	150.66	212.24	1067	113.75	148.78	-157.185
1590	132.61	255.76	1292	113.75	148.78	-68.0183
2088	143.4	191.93	593	125.8	166.43	-6.36586
2224	129.15	191.93	559	143.4	157.57	-14.3228
2174	122.58	175.22	644	154.22	175.22	-15.284
2222	143.4	191.93	11	125.8	157.57	-14.5214
2211	125.8	157.57	575	147.04	191.93	-12.3245
2425	129.15	183.76	417	143.4	148.78	-17.2708
2247	164.36	183.76	967	125.8	183.76	-262.922
2050	116.54	175.22	792	154.22	175.22	-13.7139
1937	129.15	191.93	750	139.76	148.78	-4.26485
1908	132.61	175.22	1422	116.54	157.57	-86.4111
2017	154.22	140.24	1017	113.75	191.93	-21.916
1820	122.58	191.93	830	150.66	140.24	-18.314
1617	157.71	132.07	1111	116.54	183.76	-16.5334
2019	113.75	183.76	961	150.66	157.57	-15.2546
2113	125.8	166.43	514	154.22	183.76	-16.7382
2572	150.66	183.76	341	122.58	166.43	-29.2455
1025	150.66	175.22	347	136.15	191.93	-148.655
1935	157.71	148.78	947	113.75	183.76	-18.2937
432	119.49	263.93	5912	113.75	148.78	-185.713
1999	150.66	140.24	686	119.49	191.93	-15.8896
1109	143.4	212.24	1767	113.75	148.78	-20.1646
2581	143.4	263.93	1313	113.75	157.57	-276.512
2243	122.58	183.76	523	143.4	157.57	-10.2859
1797	157.71	132.07	901	119.49	183.76	-18.4768
1273	143.4	191.93	869	129.15	140.24	-175.688
2388	125.8	183.76	502	147.04	183.76	-14.3782
2093	154.22	157.57	665	119.49	191.93	-16.2719
1928	154.22	148.78	129	113.75	191.93	-16.56
1939	139.76	157.57	848	129.15	157.57	-245.358
1763	113.75	191.93	853	147.04	148.78	-10.2773
2350	125.8	175.22	372	143.4	191.93	-11.9877
1898	122.58	183.76	360	154.22	132.07	-181.467
2203	125.8	183.76	414	147.04	148.78	-12.5864
2121	129.15	183.76	891	116.54	148.78	-269.363
1720	113.75	183.76	1267	136.15	157.57	-194.942
2300	132.61	183.76	400	143.4	157.57	-13.775
1808	147.04	140.24	926	116.54	191.93	-11.8502
2214	122.58	191.93	590	150.66	175.22	-13.4104
4988	116.54	175.22	1094	157.71	157.57	99.3873
1687	113.75	191.93	997	150.66	148.78	-16.3063
2316	129.15	183.76	485	150.66	157.57	-16.95
1849	116.54	183.76	779	154.22	148.78	-15.3646
1983	147.04	175.22	430	129.15	175.22	-2.43782
1127	154.22	140.24	726	125.8	166.43	-186.184
1908	116.54	183.76	779	154.22	148.78	-14.7202
3710	132.61	191.93	1417	147.04	157.57	158.328
183	161.09	263.93	1731	113.75	157.57	-226.984
1937	129.15	191.93	449	136.15	140.24	8.11767
2235	125.8	183.76	549	150.66	166.43	-13.9893
5289	132.61	175.22	734	147.04	191.93	108.326
806	125.8	183.76	65	116.54	157.57	-153.2
1989	116.54	183.76	653	154.22	157.57	-13.891
1438	116.54	157.57	528	154.22	183.76	-17.7901
2175	125.8	166.43	517	154.22	191.93	-14.5781
3258	125.8	140.24	281	116.54	183.76	-286.607
1795	122.58	166.43	997	136.15	191.93	-180.984
1171	164.36	238.43	1420	119.49	157.57	-16.2341
314	139.76	238.43	1047	113.75	183.76	-190.453
719	116.54	166.43	625	122.58	166.43	-140.539
2789	122.58	140.24	355	132.61	191.93	-235.218
2265	125.8	183.76	485	150.66	166.43	-17.5061
2169	122.58	183.76	705	147.04	157.57	-6.8105
1463	132.61	183.76	1524	150.66	132.07	-161.172
1106	125.8	140.24	275	136.15	175.22	-165.803
1980	116.54	191.93	803	150.66	157.57	-12.5543
2073	125.8	183.76	651	150.66	148.78	-14.9667
2235	143.4	166.43	333	143.4	183.76	-13.422
2098	119.49	175.22	773	154.22	175.22	-12.2324
2248	129.15	183.76	460	143.4	148.78	-14.9405
2109	147.04	140.24	461	122.58	191.93	-21.2122
324	164.36	263.93	2311	125.8	175.22	-12.7704
2252	125.8	191.93	382	150.66	157.57	-19.4132
2268	132.61	183.76	357	143.4	157.57	-15.5369
335	157.71	166.43	502	143.4	191.93	-174.503
1498	125.8	140.24	913	119.49	191.93	-151.636
5999	147.04	247.22	1193	113.75	148.78	23.0258
1936	116.54	183.76	832	150.66	157.57	-13.4384
856	113.75	238.43	1255	113.75	157.57	-191.204
1777	139.76	175.22	505	150.66	175.22	-182.741
2356	136.15	191.93	218	129.15	148.78	-16.9333
2227	129.15	191.93	501	136.15	157.57	-14.1603
1924	129.15	183.76	930	164.36	157.57	-210.362
2886	143.4	157.57	76	136.15	157.57	-289.756
1726	164.36	157.57	932	116.54	175.22	-16.8134
2060	154.22	191.93	512	119.49	175.22	-12.9007
2507	147.04	191.93	371	129.15	175.22	-180.572
1827	116.54	191.93	934	154.22	157.57	-12.7067
2710	150.66	157.57	290	129.15	191.93	-224.652
817	161.09	191.93	124	116.54	140.24	-209.698
2289	129.15	166.43	394	143.4	191.93	-13.9485
2085	116.54	175.22	823	150.66	191.93	-11.4156
772	147.04	183.76	880	122.58	157.57	-228.653
2139	122.58	191.93	526	150.66	157.57	-13.325
2439	139.76	140.24	403	113.75	191.93	-186.273
3638	164.36	140.24	1541	125.8	183.76	145.142
6140	147.04	183.76	574	122.58	157.57	70.0985
2270	147.04	183.76	526	122.58	166.43	-11.512
2248	122.58	183.76	549	147.04	183.76	-12.1203
1912	116.54	191.93	807	147.04	157.57	-10.6967
1281	119.49	132.07	1407	143.4	191.93	-6.25391
2257	147.04	157.57	295	125.8	191.93	-18.9511
4135	136.15	183.76	1177	143.4	157.57	143.636
960	164.36	247.22	1824	116.54	175.22	-13.6103
1317	136.15	191.93	1315	125.8	132.07	-229.791
2217	119.49	175.22	690	150.66	157.57	-11.6018
2246	125.8	166.43	522	143.4	183.76	-11.4276
2251	119.49	183.76	719	147.04	157.57	-14.3042
1694	154.22	132.07	1127	116.54	191.93	-15.9352
2277	150.66	157.57	452	119.49	183.76	-19.2839
2341	143.4	191.93	229	125.8	175.22	-14.269
2008	139.76	175.22	415	132.61	191.93	-0.876789
2236	125.8	166.43	534	154.22	183.76	-19.3663
1250	154.22	247.22	1449	113.75	148.78	-264.121
1644	154.22	132.07	985	119.49	191.93	-13.9212
2248	122.58	166.43	738	150.66	191.93	-13.9011
2094	157.71	148.78	603	113.75	191.93	-23.9716
2174	150.66	183.76	667	122.58	157.57	-185.065
2104	122.58	191.93	689	139.76	148.78	-14.0739
1942	157.71	148.78	785	113.75	183.76	-20.0673
2862	129.15	175.22	302	139.76	191.93	-27.7079
1753	150.66	140.24	1053	119.49	191.93	-13.7536
1981	154.22	157.57	840	113.75	183.76	-15.7198
1652	147.04	148.78	953	136.15	191.93	-184.577
2098	136.15	157.57	722	122.58	183.76	-176.504
2063	139.76	175.22	500	119.49	191.93	22.7506
5055	125.8	183.76	967	150.66	148.78	107.403
856	113.75	183.76	440	129.15	140.24	-133.784
1206	139.76	191.93	551	164.36	140.24	-187.717
1727	161.09	157.57	7	113.75	175.22	-13.7629
2378	147.04	166.43	362	125.8	183.76	-18.7225
2701	119.49	183.76	486	161.09	140.24	-41.0261
2550	132.61	175.22	228	113.75	148.78	-224.348
2322	129.15	157.57	445	136.15	191.93	-11.427
3030	143.4	166.43	262	129.15	183.76	-245.202
2279	150.66	183.76	432	122.58	166.43	-15.098
1186	129.15	191.93	1356	139.76	191.93	-166.791
1533	113.75	191.93	1311	150.66	132.07	-18.6909
2153	119.49	175.22	657	154.22	175.22	-13.0565
2195	122.58	183.76	644	150.66	157.57	-12.3547
1348	143.4	204.07	1565	113.75	157.57	-12.1496
391	157.71	238.43	3372	113.75	157.57	-81.4904
1865	116.54	183.76	761	154.22	148.78	-14.9743
2795	125.8	148.78	335	150.66	191.93	-222.51
2508	139.76	212.24	2949	113.75	132.07	140.986
524	150.66	166.43	665	113.75	140.24	-157.235
796	119.49	204.07	878	119.49	68.24	-107.247
2290	132.61	157.57	367	143.4	191.93	-18.454
1438	143.4	204.07	1177	113.75	157.57	-2.36368
2339	136.15	157.57	290	143.4	191.93	-18.6004
1996	125.8	191.93	635	147.04	140.24	-17.5886
2823	143.4	175.22	544	122.58	191.93	-272.298
2464	139.76	191.93	332	116.54	132.07	-213.349
2325	136.15	191.93	561	125.8	157.57	-13.4031
1196	147.04	212.24	1436	113.75	157.57	-13.4449
2476	136.15	191.93	468	157.71	157.57	-269.042
2080	122.58	175.22	690	154.22	148.78	-15.7986
2228	147.04	204.07	616	113.75	166.43	-26.5853
2301	139.76	157.57	345	125.8	191.93	-12.4175
1683	161.09	166.43	1119	113.75	183.76	-14.0681
1753	113.75	183.76	939	157.71	148.78	-21.8934
1925	157.71	183.76	750	116.54	166.43	-13.9822
2074	150.66	157.57	772	116.54	191.93	-11.5715
2232	125.8	183.76	655	147.04	157.57	-13.2055
1680	164.36	157.57	1107	116.54	175.22	-13.4889
2334	136.15	183.76	350	143.4	166.43	-16.1595
1520	157.71	157.57	955	113.75	191.93	-179.6
1477	164.36	204.07	1197	116.54	166.43	-15.0195
480	154.22	263.93	1162	113.75	166.43	-210.575
2204	150.66	191.93	598	116.54	175.22	-14.6638
861	164.36	183.76	321	136.15	157.57	-150.102
1952	119.49	183.76	724	150.66	157.57	-12.0909
2744	125.8	191.93	221	143.4	157.57	-198.263
4506	150.66	191.93	1043	129.15	157.57	135.75
1793	136.15	157.57	155	113.75	175.22	-167.002
887	147.04	229.57	658	113.75	148.78	-176.646
1302	125.8	148.78	1113	136.15	183.76	-154.347
842	136.15	148.78	845	122.58	191.93	-162.854
1825	113.75	175.22	983	157.71	157.57	-16.3325
1611	122.58	175.22	715	150.66	140.24	-179.192
2310	154.22	212.24	691	113.75	166.43	-34.0411
2248	113.75	157.57	810	154.22	191.93	-194.918
2240	139.76	191.93	559	129.15	148.78	-13.8481
5471	116.54	191.93	1109	150.66	140.24	76.4009
1629	161.09	157.57	329	119.49	175.22	-14.1523
2174	147.04	166.43	407	119.49	191.93	-12.4418
2210	119.49	191.93	721	150.66	157.57	-13.6359
2344	125.8	166.43	406	150.66	183.76	-16.296
1468	113.75	183.76	1112	157.71	140.24	-17.5714
808	139.76	166.43	853	116.54	132.07	-169.476
2459	139.76	191.93	363	132.61	148.78	-24.701
455	122.58	247.22	1627	113.75	148.78	-175.613
1625	116.54	191.93	733	132.61	148.78	-151.735
1795	113.75	183.76	946	157.71	166.43	-12.6143
1935	119.49	183.76	832	157.71	148.78	-18.4129
2304	132.61	191.93	374	143.4	166.43	-14.7401
2012	154.22	166.43	897	116.54	183.76	-14.2202
1292	157.71	148.78	1043	136.15	191.93	-167.851
2703	113.75	175.22	364	132.61	148.78	-229.619
4458	164.36	148.78	1252	113.75	191.93	113.781
2202	122.58	183.76	588	150.66	157.57	-15.5873
1100	125.8	157.57	131	113.75	191.93	-164.131
1510	139.76	191.93	947	132.61	166.43	9.66989
2051	143.4	148.78	880	119.49	191.93	-10.9613
2384	129.15	166.43	444	143.4	183.76	-12.145
1933	164.36	220.78	413	116.54	148.78	-186.24
1697	116.54	166.43	918	161.09	183.76	-16.2121
2324	129.15	183.76	499	139.76	157.57	-12.1104
5664	157.71	183.76	900	113.75	166.43	79.7226
1053	136.15	229.57	2394	113.75	148.78	-56.637
4111	136.15	157.57	1092	143.4	191.93	141.136
2140	122.58	191.93	585	150.66	157.57	-14.7093
1897	119.49	191.93	872	150.66	140.24	-15.3464
2498	129.15	183.76	375	143.4	166.43	-14.4668
2249	161.09	148.78	247	132.61	175.22	-206.852
198	147.04	132.07	121	147.04	191.93	-161.953
2312	132.61	175.22	440	139.76	191.93	-13.768
2150	132.61	191.93	556	139.76	148.78	-15.2429
1809	116.54	175.22	788	157.71	175.22	-14.5991
2120	150.66	140.24	582	122.58	183.76	-17.4485
1665	139.76	212.24	1111	113.75	148.78	-11.6572
2294	136.15	157.57	403	136.15	191.93	-16.1929
2247	147.04	157.57	643	113.75	183.76	-16.7269
1688	161.09	148.78	789	119.49	175.22	-15.2519
1992	147.04	204.07	774	113.75	175.22	-203.714
1512	129.15	140.24	803	139.76	166.43	-185.813
1601	113.75	191.93	1035	157.71	140.24	-16.269
2192	125.8	175.22	618	154.22	175.22	-16.0152
1192	139.76	175.22	236	122.58	148.78	-180.24
550	147.04	255.76	3703	113.75	148.78	-110.666
3223	143.4	132.07	323	125.8	191.93	-268.082
593	116.54	255.76	4615	113.75	140.24	-192.13
2104	113.75	175.22	904	157.71	175.22	-17.8728
1501	143.4	204.07	1176	113.75	148.78	-13.3727
2187	129.15	183.76	398	147.04	157.57	-16.7477
809	150.66	220.78	2439	113.75	166.43	-39.964
2315	125.8	175.22	634	150.66	175.22	-14.1143
2336	125.8	175.22	408	143.4	157.57	-12.1894
2159	150.66	157.57	607	116.54	175.22	-13.7804
1777	157.71	157.57	990	113.75	183.76	-11.9964
1439	125.8	238.43	343	113.75	175.22	-204.272
2365	122.58	183.76	522	147.04	183.76	-12.0292
1822	119.49	191.93	884	147.04	140.24	-15.5729
2303	147.04	166.43	442	119.49	183.76	-12.9736
2015	116.54	166.43	823	154.22	183.76	-11.7831
2138	119.49	183.76	605	154.22	157.57	-18.176
2520	139.76	255.76	1396	113.75	157.57	-270.647
1526	119.49	183.76	1099	143.4	132.07	-171.717
2700	136.15	191.93	445	129.15	140.24	-29.4123
2240	129.15	166.43	512	150.66	183.76	-16.7577
1959	157.71	140.24	878	122.58	175.22	-197.464
65	125.8	335.93	2482	125.8	166.43	-166.609
2134	132.61	191.93	486	139.76	148.78	-14.6826
3747	132.61	191.93	358	122.58	157.57	-287.797
2531	119.49	175.22	295	113.75	175.22	-247.979
2226	150.66	183.76	296	119.49	157.57	-224.401
1984	116.54	191.93	738	147.04	157.57	-12.8259
1055	113.75	191.93	744	157.71	140.24	-140.28
2155	125.8	191.93	470	147.04	157.57	-13.1789
2237	125.8	183.76	537	154.22	166.43	-14.7015
2371	125.8	183.76	421	143.4	157.57	-14.4131
1873	113.75	183.76	905	154.22	157.57	-13.5478
739	157.71	229.57	1112	113.75	157.57	-185.856
2256	139.76	191.93	399	125.8	166.43	-10.3351
1981	125.8	166.43	732	150.66	191.93	-8.14351
1610	139.76	175.22	285	150.66	148.78	-133.212
2182	150.66	157.57	537	125.8	191.93	-14.6601
2139	119.49	175.22	748	157.71	175.22	-17.0554
2166	122.58	183.76	379	139.76	132.07	-183.072
2286	132.61	157.57	182	139.76	191.93	-15.1227
1549	157.71	140.24	950	113.75	191.93	-13.1247
1919	157.71	148.78	856	116.54	183.76	-16.3943
2103	147.04	166.43	445	119.49	191.93	-11.9657
1887	157.71	148.78	859	119.49	183.76	-17.3274
2345	136.15	157.57	378	129.15	183.76	-10.2862
2149	125.8	157.57	437	147.04	191.93	-17.3845
1825	129.15	183.76	950	119.49	148.78	-181.59
2249	139.76	175.22	396	125.8	148.78	-203.719
2943	132.61	148.78	460	139.76	175.22	-250.683
2417	122.58	191.93	356	147.04	166.43	-18.5666
2083	116.54	175.22	703	157.71	191.93	-14.5366
2354	136.15	157.57	157	125.8	191.93	-10.1366
2295	132.61	183.76	234	139.76	157.57	-15.8792
1827	125.8	148.78	601	157.71	191.93	-197.453
1984	119.49	183.76	894	147.04	148.78	-12.9974
1095	150.66	183.76	384	122.58	148.78	-169.202
1767	161.09	166.43	944	119.49	183.76	-11.8411
1540	116.54	255.76	258	113.75	140.24	-231.94
1543	154.22	132.07	1124	116.54	191.93	-12.8441
1688	136.15	212.24	1202	113.75	132.07	-24.3231
1692	157.71	204.07	1221	113.75	166.43	-14.9634
2310	150.66	212.24	398	113.75	157.57	-29.6765
2260	132.61	183.76	357	143.4	157.57	-15.2433
1205	143.4	166.43	1265	129.15	148.78	-175.116
2337	154.22	140.24	519	119.49	191.93	-190.038
1188	164.36	229.57	1545	116.54	175.22	-13.5523
5644	119.49	183.76	615	161.09	140.24	77.7542
5503	125.8	183.76	884	150.66	166.43	97.9141
1157	154.22	212.24	1730	113.75	157.57	-18.2693
1638	154.22	166.43	492	125.8	183.76	-193.82
1923	116.54	175.22	788	154.22	157.57	-12.6852
2973	119.49	175.22	2865	139.76	132.07	96.6459
819	129.15	148.78	404	116.54	166.43	-161.598
1937	161.09	148.78	558	113.75	183.76	-22.2683
1274	125.8	166.43	746	150.66	148.78	-212.757
2357	125.8	183.76	536	143.4	166.43	-11.7469
1797	143.4	204.07	674	113.75	140.24	-12.5722
2910	147.04	191.93	172	113.75	166.43	-37.1595
4734	113.75	191.93	1262	164.36	148.78	101.172
4538	139.76	157.57	971	139.76	191.93	130.585
1845	154.22	220.78	1080	113.75	157.57	-24.9148
618	125.8	238.43	1857	113.75	148.78	-218.428
2232	116.54	175.22	718	150.66	157.57	-16.2772
2239	119.49	132.07	969	143.4	191.93	-232.865
1610	122.58	140.24	1416	157.71	157.57	-14.5882
2018	116.54	191.93	849	154.22	157.57	-14.3131
6060	157.71	157.57	603	116.54	175.22	55.021
829	129.15	247.22	459	113.75	166.43	-174.749
691	139.76	229.57	190	113.75	132.07	-179.34
2128	119.49	175.22	585	154.22	157.57	-16.622
1827	139.76	191.93	751	119.49	148.78	-186.771
1522	164.36	157.57	1081	113.75	175.22	-9.63429
1751	136.15	255.76	520	113.75	140.24	-197.575
1055	143.4	148.78	779	136.15	191.93	-141.031
2377	129.15	132.07	246	122.58	183.76	-203.755
844	113.75	148.78	512	132.61	166.43	-161.472
998	139.76	229.57	2376	113.75	140.24	-62.6454
1961	147.04	140.24	922	119.49	191.93	-13.8606
1829	139.76	175.22	753	150.66	148.78	-262.446
2235	147.04	166.43	354	122.58	191.93	-12.3089
1384	161.09	140.24	1070	113.75	191.93	-11.8297
2206	125.8	183.76	568	150.66	157.57	-15.122
882	119.49	175.22	490	129.15	191.93	-120.434
2085	113.75	204.07	975	122.58	220.78	-236.294
1758	139.76	204.07	896	113.75	140.24	-15.0299
2307	125.8	175.22	541	147.04	191.93	-12.9846
1549	113.75	191.93	977	154.22	148.78	-16.8659
2049	157.71	191.93	610	116.54	166.43	-19.4797
2841	129.15	238.43	389	113.75	166.43	-257.326
4818	150.66	140.24	861	150.66	166.43	34.624
2094	122.58	183.76	670	150.66	148.78	-15.5302
2094	132.61	183.76	532	113.75	166.43	-187.553
2112	143.4	148.78	438	129.15	191.93	-18.5369
1495	150.66	204.07	1325	113.75	157.57	-12.9861
1868	136.15	140.24	167	136.15	157.57	-179.944
2478	136.15	166.43	784	113.75	166.43	-225.622
717	154.22	238.43	1997	113.75	148.78	-222.688
6201	157.71	132.07	2139	125.8	175.22	-15.3576
2618	125.8	238.43	1166	113.75	132.07	-104.694
2029	139.76	148.78	530	129.15	191.93	-12.6704
2134	113.75	183.76	860	150.66	157.57	-14.7517
1759	116.54	166.43	967	161.09	183.76	-15.0803
1679	161.09	148.78	847	119.49	191.93	-14.4587
2340	132.61	166.43	250	154.22	140.24	-215.224
6304	157.71	132.07	138	125.8	175.22	-211.15
2215	150.66	166.43	555	119.49	183.76	-17.1882
2048	157.71	166.43	547	113.75	183.76	-15.593
2217	125.8	183.76	557	150.66	183.76	-13.7332
5033	143.4	255.76	2929	157.71	229.57	-162.879
2204	125.8	191.93	425	139.76	157.57	-12.9189
3288	116.54	166.43	2008	157.71	191.93	153.847
2313	129.15	157.57	392	139.76	191.93	-12.6152
1771	136.15	157.57	1312	119.49	183.76	-256.747
1148	150.66	183.76	721	143.4	166.43	-155.222
2255	122.58	183.76	665	147.04	166.43	-12.1473
2237	125.8	191.93	466	139.76	157.57	-12.7906
2148	119.49	183.76	727	147.04	157.57	-12.2943
2045	122.58	183.76	628	150.66	148.78	-16.0746
1929	154.22	229.57	905	113.75	157.57	-35.352
1415	113.75	132.07	400	122.58	183.76	-182.9
2322	143.4	157.57	331	129.15	183.76	-14.3184
2234	154.22	148.78	526	125.8	166.43	-190.045
3090	136.15	132.07	515	125.8	191.93	-250.895
1557	136.15	132.07	121	113.75	175.22	-186.527
2791	139.76	175.22	2806	132.61	132.07	93.9636
2035	122.58	191.93	205	147.04	157.57	-163.842
5360	125.8	175.22	749	150.66	191.93	103.255
1959	150.66	140.24	772	119.49	191.93	-15.5652
1802	113.75	175.22	910	154.22	157.57	-11.6847
2146	150.66	157.57	340	122.58	191.93	-15.0297
6661	139.76	175.22	2829	116.54	132.07	95.7022
1986	147.04	175.22	755	113.75	140.24	-217.605
5234	150.66	175.22	715	122.58	191.93	104.496
2103	119.49	191.93	637	147.04	148.78	-13.5882
4532	129.15	191.93	1074	143.4	166.43	133.349
1372	157.71	132.07	1131	129.15	191.93	-163.859
1654	161.09	148.78	1204	113.75	183.76	-15.0569
1475	164.36	148.78	983	116.54	183.76	-12.5868
1990	150.66	148.78	838	116.54	191.93	-13.254
2033	154.22	140.24	545	116.54	183.76	-17.8457
5043	157.71	148.78	983	116.54	191.93	97.0605
1631	122.58	166.43	497	132.61	132.07	-186.011
2260	129.15	191.93	563	136.15	157.57	-12.4552
3050	119.49	191.93	354	154.22	140.24	-50.9829
1736	116.54	183.76	903	157.71	148.78	-15.8353
1585	164.36	157.57	1109	113.75	183.76	-18.1721
1942	119.49	191.93	791	143.4	148.78	-12.6705
1160	161.09	13.57	4096	113.75	183.76	-185.885
2480	116.54	166.43	464	161.09	191.93	-37.4175
2249	143.4	166.43	549	122.58	191.93	-12.831
4250	129.15	191.93	1286	143.4	148.78	138.376
1992	122.58	166.43	547	157.71	191.93	-17.9884
2107	139.76	132.07	630	132.61	191.93	-214.5
1010	136.15	229.57	1138	113.75	140.24	-161.976
3085	139.76	220.78	392	113.75	148.78	-67.9138
2023	139.76	212.24	578	113.75	132.07	-17.5744
2850	116.54	175.22	271	161.09	157.57	-48.9832
1892	157.71	148.78	815	116.54	191.93	-14.4238
2046	157.71	191.93	543	113.75	175.22	-12.404
2150	132.61	191.93	587	139.76	148.78	-15.1425
1920	150.66	140.24	844	119.49	191.93	-16.3134
2004	125.8	166.43	606	150.66	183.76	-9.95177
1618	150.66	191.93	902	116.54	157.57	3.81669
1910	119.49	175.22	681	157.71	157.57	-17.3188
1706	143.4	191.93	995	129.15	175.22	-179.805
678	164.36	263.93	2121	122.58	175.22	-15.2568
780	116.54	212.24	1126	113.75	175.22	-165.582
6162	150.66	191.93	535	122.58	157.57	61.731
801	154.22	212.24	2341	113.75	157.57	-37.9852
2024	122.58	183.76	779	157.71	157.57	-16.9541
2013	136.15	175.22	252	113.75	157.57	-183.554
2206	122.58	191.93	668	150.66	157.57	-16.0885
2336	129.15	183.76	556	139.76	157.57	-12.5208
1236	147.04	204.07	1531	113.75	148.78	-12.0083
457	122.58	191.93	490	143.4	140.24	-143.787
1972	125.8	191.93	673	147.04	140.24	-18.4925
2032	129.15	191.93	765	139.76	140.24	-12.9359
2221	139.76	191.93	362	129.15	157.57	-15.5627
1969	119.49	183.76	839	157.71	166.43	-15.0666
2012	122.58	175.22	768	157.71	191.93	-13.9257
778	132.61	247.22	1821	113.75	148.78	-213.139
1705	139.76	204.07	1040	113.75	132.07	-15.1451
2286	132.61	183.76	654	157.71	148.78	-263.391
2164	143.4	212.24	1046	113.75	157.57	-209.69
1596	150.66	140.24	1131	116.54	191.93	-10.8674
2204	139.76	148.78	555	119.49	191.93	-14.3357
3533	116.54	191.93	492	143.4	148.78	-271.621
1888	157.71	148.78	758	116.54	191.93	-15.6097
1622	136.15	132.07	707	125.8	183.76	-182.105
3716	122.58	183.76	1541	154.22	166.43	154.76
2269	125.8	166.43	421	147.04	183.76	-13.7833
2107	122.58	166.43	674	154.22	183.76	-15.3385
2138	143.4	157.57	615	116.54	175.22	-168.999
2426	129.15	166.43	361	139.76	191.93	-12.9406
2171	132.61	183.76	414	147.04	157.57	-17.401
1643	157.71	140.24	384	122.58	175.22	-180.208
2503	139.76	183.76	223	132.61	157.57	-22.0923
2312	139.76	157.57	365	129.15	191.93	-13.1779
2394	143.4	166.43	451	122.58	183.76	-14.1712
1611	161.09	157.57	884	113.75	183.76	-12.5009
1961	116.54	191.93	935	150.66	157.57	-13.5872
998	161.09	148.78	741	116.54	148.78	-172.933
4010	129.15	183.76	1267	150.66	157.57	143.172
448	147.04	255.76	3764	113.75	148.78	-115.543
2322	136.15	191.93	496	125.8	157.57	-13.2838
1937	116.54	183.76	1018	154.22	157.57	-14.0155
1181	150.66	204.07	1721	113.75	166.43	-11.8343
2335	125.8	175.22	553	147.04	175.22	-12.59
6381	143.4	140.24	1921	116.54	166.43	-172.499
2223	125.8	183.76	622	150.66	166.43	-13.8106
1760	116.54	157.57	874	157.71	191.93	-14.6116
1841	157.71	157.57	780	116.54	183.76	-12.7966
1869	119.49	183.76	925	154.22	148.78	-12.1227
2730	132.61	220.78	328	113.75	183.76	-219.647
2137	132.61	175.22	92	116.54	175.22	-179.338
1125	113.75	247.22	40	113.75	148.78	-174.938
2978	119.49	247.22	1107	113.75	140.24	-265.085
2232	139.76	191.93	590	125.8	148.78	-13.5785
2154	125.8	183.76	530	147.04	148.78	-15.9785
1693	139.76	212.24	1234	113.75	140.24	-23.9545
2370	143.4	166.43	379	129.15	183.76	-14.4127
1644	116.54	157.57	561	143.4	140.24	-181.048
2382	143.4	183.76	318	122.58	183.76	-13.7732
1574	161.09	140.24	1058	113.75	183.76	-11.8108
1847	154.22	157.57	378	119.49	183.76	-9.51517
1856	116.54	191.93	812	154.22	157.57	-15.9067
1820	116.54	183.76	965	154.22	148.78	-13.4617
2342	143.4	175.22	332	132.61	191.93	-15.2887
2119	125.8	191.93	521	147.04	140.24	-15.621
621	164.36	238.43	628	154.22	204.07	-267.471
1994	154.22	148.78	612	122.58	191.93	-19.2534
4974	164.36	140.24	987	116.54	183.76	93.8971
2245	139.76	204.07	548	113.75	132.07	-13.14
93	129.15	247.22	1932	113.75	157.57	-213.513
2621	125.8	191.93	255	113.75	157.57	-197.437
2215	129.15	166.43	443	150.66	183.76	-14.5052
2423	122.58	175.22	523	150.66	175.22	-17.0652
957	150.66	183.76	909	116.54	148.78	-140.526
1902	119.49	175.22	733	157.71	175.22	-17.5285
4627	125.8	191.93	1112	150.66	140.24	118.737
5312	139.76	191.93	693	139.76	166.43	108.175
1435	139.76	212.24	777	113.75	175.22	-175.252
1827	157.71	157.57	789	113.75	191.93	-13.9466
1975	147.04	148.78	586	125.8	191.93	-15.5781
1757	154.22	183.76	577	122.58	166.43	-141.442
2286	125.8	166.43	530	147.04	183.76	-14.0244
645	132.61	238.43	2990	113.75	140.24	-91.7901
936	116.54	191.93	749	132.61	140.24	-155.59
1800	113.75	191.93	938	154.22	157.57	-13.7552
2293	154.22	191.93	416	119.49	191.93	-213.398
1678	122.58	140.24	951	139.76	183.76	-183.951
2041	143.4	183.76	394	113.75	157.57	6.42178
1959	157.71	148.78	515	119.49	183.76	-16.8085
757	143.4	238.43	3014	113.75	148.78	-72.2747
1341	129.15	140.24	1086	147.04	166.43	-200.179
2348	139.76	166.43	269	132.61	183.76	-12.4822
2237	147.04	183.76	549	122.58	166.43	-13.409
1751	157.71	140.24	852	119.49	183.76	-12.4334
3171	143.4	220.78	308	113.75	148.78	-68.0549
1448	113.75	183.76	698	143.4	140.24	-185.929
2198	125.8	183.76	447	150.66	157.57	-15.1878
1618	147.04	140.24	962	125.8	191.93	-287.713
1579	147.04	212.24	1203	113.75	148.78	-12.0374
482	139.76	247.22	1267	113.75	148.78	-167.389
2203	129.15	255.76	1938	113.75	140.24	-109.73
1534	113.75	175.22	1141	161.09	191.93	-16.0638
2383	139.76	229.57	956	113.75	148.78	-51.0059
4729	132.61	183.76	899	143.4	166.43	129.28
464	143.4	238.43	3584	113.75	148.78	-97.4292
2111	147.04	191.93	706	122.58	157.57	-13.4967
2368	136.15	191.93	432	129.15	166.43	-13.0499
1108	147.04	212.24	1692	113.75	148.78	-26.099
1383	147.04	212.24	1144	113.75	148.78	-14.3184
1232	119.49	132.07	1445	147.04	191.93	-12.8756
3796	132.61	191.93	1272	143.4	175.22	167.087
2032	154.22	191.93	582	113.75	175.22	-11.6814
5648	147.04	191.93	503	129.15	157.57	87.5545
2082	150.66	191.93	569	122.58	166.43	-12.4741
4178	143.4	157.57	2616	129.15	191.93	-128.391
2258	122.58	191.93	429	143.4	148.78	-15.3703
1830	157.71	148.78	809	116.54	183.76	-17.9915
2344	139.76	191.93	525	122.58	166.43	-13.0049
1696	161.09	157.57	832	113.75	175.22	-11.9702
743	143.4	263.93	1862	113.75	148.78	-181.722
2002	119.49	183.76	862	150.66	148.78	-12.5977
1503	150.66	157.57	756	139.76	183.76	-165.501
2149	147.04	212.24	188	113.75	140.24	-17.0883
2179	154.22	140.24	393	113.75	166.43	-198.266
676	143.4	220.78	1957	113.75	148.78	-189.351
851	143.4	157.57	359	132.61	175.22	-134.779
2174	125.8	175.22	573	154.22	191.93	-13.7216
1715	139.76	212.24	982	113.75	148.78	-13.1138
2139	122.58	191.93	621	139.76	140.24	-12.991
1632	150.66	132.07	1155	119.49	191.93	-14.3779
2282	136.15	157.57	458	129.15	191.93	-12.1883
1568	164.36	212.24	730	119.49	175.22	-17.395
343	150.66	238.43	1469	113.75	148.78	-195.544
2040	122.58	183.76	785	150.66	157.57	-12.3104
2678	113.75	191.93	570	164.36	132.07	-54.2952
4677	116.54	183.76	1157	157.71	157.57	106.022
1371	143.4	132.07	270	113.75	175.22	-168.847
2565	136.15	238.43	1091	113.75	140.24	-82.1832
2267	125.8	191.93	548	147.04	166.43	-13.9243
2152	129.15	183.76	447	147.04	148.78	-16.2744
5079	150.66	191.93	673	125.8	166.43	112.601
2807	122.58	238.43	1602	113.75	132.07	-119.23
1797	161.09	183.76	836	116.54	166.43	-11.5369
1520	122.58	175.22	1220	147.04	132.07	-258.252
1753	113.75	191.93	1067	150.66	148.78	-13.4731
1817	136.15	132.07	368	129.15	183.76	-172.453
1614	164.36	148.78	1203	116.54	175.22	-16.2694
2014	119.49	175.22	648	157.71	175.22	-13.7512
1601	150.66	132.07	1280	116.54	191.93	-11.6486
1571	164.36	157.57	1080	113.75	175.22	-15.5957
1500	164.36	204.07	1127	116.54	175.22	-15.1183
2188	125.8	157.57	563	143.4	191.93	-14.2672
2116	154.22	204.07	790	113.75	166.43	-26.9828
2042	125.8	191.93	643	143.4	140.24	-14.6708
4243	119.49	183.76	1276	157.71	166.43	130.245
1477	164.36	212.24	1348	116.54	166.43	-15.9246
2057	125.8	191.93	558	139.76	140.24	-15.3133
2276	147.04	183.76	187	125.8	157.57	-14.6743
2478	139.76	183.76	310	132.61	157.57	-20.4076
2183	125.8	166.43	620	150.66	39.76	-16.3779
1685	164.36	191.93	889	116.54	175.22	-12.5537
1721	143.4	204.07	787	113.75	132.07	-16.368
2878	119.49	140.24	2843	125.8	175.22	-12.5058
1778	161.09	191.93	884	116.54	166.43	-19.1371
698	157.71	166.43	780	143.4	191.93	-133.906
2220	122.58	183.76	504	150.66	157.57	-17.6841
2219	132.61	183.76	438	150.66	166.43	-16.6909
2364	132.61	183.76	412	143.4	157.57	-18.0355
1195	154.22	191.93	928	139.76	140.24	-177.323
2130	122.58	175.22	592	154.22	191.93	-14.9204
2309	147.04	157.57	542	119.49	191.93	-15.7297
1846	157.71	157.57	934	116.54	183.76	-11.1715
1284	122.58	175.22	188	157.71	132.07	-181.369
2343	139.76	191.93	273	129.15	148.78	-17.7258
2344	129.15	183.76	343	143.4	157.57	-17.2697
1801	161.09	183.76	832	116.54	166.43	-14.5898
1523	113.75	183.76	1036	150.66	166.43	-2.70544
1590	143.4	212.24	1179	113.75	157.57	-11.8539
1601	147.04	212.24	1117	113.75	140.24	-18.4921
2329	150.66	166.43	461	116.54	183.76	-15.3198
2674	125.8	191.93	377	143.4	140.24	-32.5391
1633	143.4	212.24	1148	113.75	148.78	-10.5397
2342	143.4	191.93	355	132.61	157.57	-18.4343
1664	154.22	132.07	502	116.54	183.76	-12.4467
2103	125.8	191.93	667	143.4	148.78	-13.918
2078	136.15	204.07	735	113.75	132.07	-14.0298
2340	136.15	175.22	728	125.8	157.57	-202.853
920	150.66	220.78	2055	113.75	166.43	-25.8321
1557	116.54	191.93	1116	154.22	140.24	-15.7783
1590	116.54	166.43	922	136.15	183.76	-183.575
1047	164.36	247.22	1827	119.49	175.22	-13.9964
1704	157.71	148.78	1181	113.75	183.76	-11.1012
1782	113.75	166.43	1030	154.22	191.93	-13.5043
1995	125.8	191.93	740	143.4	140.24	-14.4115
1625	150.66	183.76	349	129.15	148.78	-183.524
2048	150.66	148.78	300	113.75	191.93	-19.7173
1591	143.4	191.93	1061	116.54	148.78	-168.442
1784	150.66	140.24	987	113.75	183.76	-12.5791
2082	125.8	191.93	693	147.04	157.57	-12.5784
4662	154.22	157.57	1054	122.58	183.76	125.607
1286	164.36	238.43	1456	119.49	175.22	-16.5638
2293	122.58	175.22	243	136.15	140.24	-186.861
2076	122.58	166.43	604	154.22	183.76	-14.2913
1287	132.61	183.76	546	132.61	68.24	-202.828
1521	164.36	157.57	1158	113.75	191.93	-13.1303
1473	143.4	220.78	630	113.75	140.24	-258.319
2014	119.49	175.22	665	157.71	157.57	-16.5319
2580	132.61	229.57	1154	113.75	140.24	-67.9514
2238	150.66	157.57	195	125.8	191.93	-15.9669
1876	157.71	157.57	723	119.49	183.76	-16.2922
2043	129.15	191.93	627	143.4	166.43	-7.29128
1744	139.76	132.07	1102	122.58	191.93	-11.9646
828	139.76	175.22	707	161.09	191.93	-143.308
3122	129.15	191.93	132	147.04	132.07	-52.6233
2235	150.66	191.93	381	122.58	175.22	-13.3778
2215	122.58	175.22	479	147.04	191.93	-12.8781
1599	161.09	148.78	875	116.54	191.93	-15.2799
2242	122.58	166.43	687	150.66	183.76	-15.3974
1939	143.4	140.24	604	122.58	191.93	-16.9212
1541	150.66	191.93	301	136.15	148.78	-171.736
2033	150.66	148.78	726	116.54	183.76	-15.5927
1207	143.4	220.78	1526	113.75	148.78	-29.6282
2320	147.04	175.22	638	119.49	175.22	-11.9256
1688	161.09	140.24	1022	119.49	191.93	-16.1622
2783	119.49	183.76	693	150.66	183.76	-266.547
2565	113.75	229.57	690	113.75	166.43	-259.09
2686	122.58	183.76	2823	129.15	148.78	-8.38746
1316	129.15	220.78	1488	113.75	175.22	-243.439
1944	116.54	166.43	852	154.22	191.93	-12.5807
1777	154.22	157.57	791	113.75	191.93	-11.939
605	129.15	255.76	3599	113.75	140.24	-137.029
170	157.71	183.76	277	125.8	166.43	-166.157
2194	150.66	191.93	341	125.8	157.57	-16.5006
4479	147.04	175.22	876	139.76	175.22	-162.86
2053	154.22	175.22	449	116.54	191.93	-12.7713
1154	119.49	157.57	569	129.15	140.24	-179.604
4797	113.75	183.76	1274	157.71	157.57	101.635
529	119.49	204.07	285	136.15	220.78	-212.611
1724	161.09	183.76	902	116.54	166.43	-14.3632
2080	129.15	166.43	1127	161.09	183.76	-270.35
2367	143.4	175.22	356	119.49	175.22	-14.0957
1897	125.8	191.93	770	139.76	140.24	-15.8019
2150	122.58	175.22	687	157.71	191.93	-15.638
2358	129.15	157.57	580	143.4	191.93	-13.5111
2390	147.04	191.93	628	116.54	166.43	-20.9258
2783	139.76	191.93	2888	147.04	175.22	93.8658
1183	113.75	132.07	1326	161.09	191.93	-14.4741
2218	139.76	191.93	487	132.61	148.78	-16.9091
826	116.54	140.24	380	147.04	175.22	-152.809
2894	150.66	327.76	403	125.8	310.43	-192.979
2104	132.61	157.57	407	143.4	191.93	-13.6998
1709	164.36	191.93	977	116.54	175.22	-17.9251
2542	139.76	175.22	290	132.61	191.93	-16.3148
1350	122.58	140.24	742	116.54	175.22	-191.734
2050	116.54	183.76	837	150.66	157.57	-13.1042
1740	113.75	175.22	953	157.71	191.93	-14.7577
2476	113.75	191.93	264	125.8	157.57	-191.506
1609	157.71	140.24	1031	113.75	183.76	-13.6794
2143	125.8	183.76	476	143.4	148.78	-11.9362
1091	132.61	132.07	877	119.49	148.78	-288.213
2675	116.54	183.76	448	161.09	132.07	-48.6788
1907	116.54	175.22	732	161.09	157.57	-17.6521
2291	147.04	157.57	461	132.61	183.76	-179.316
1712	113.75	183.76	880	154.22	166.43	-12.3289
2376	136.15	183.76	350	143.4	166.43	-16.7071
2134	122.58	166.43	644	157.71	191.93	-17.8261
1912	113.75	183.76	881	143.4	157.57	-175.343
2298	129.15	191.93	439	139.76	157.57	-13.2969
2154	122.58	191.93	628	147.04	157.57	-11.6919
3976	157.71	157.57	1198	129.15	183.76	135.145
1680	147.04	140.24	978	119.49	191.93	-13.1267
2035	150.66	148.78	768	116.54	191.93	-16.348
395	139.76	263.93	3833	113.75	157.57	-117.899
2091	119.49	191.93	756	147.04	148.78	-14.9204
2225	132.61	132.07	457	143.4	183.76	-207.85
2321	132.61	166.43	423	139.76	183.76	-15.4828
892	143.4	183.76	440	129.15	140.24	-173.12
2255	150.66	157.57	599	122.58	183.76	-15.7117
1507	139.76	204.07	1158	113.75	140.24	-11.7532
2192	129.15	166.43	313	113.75	166.43	-212.394
2163	125.8	183.76	554	150.66	157.57	-16.6611
2010	125.8	183.76	579	147.04	157.57	-12.6289
2181	122.58	191.93	680	154.22	166.43	-15.4955
1763	143.4	132.07	988	122.58	191.93	-12.7272
2641	150.66	204.07	396	113.75	157.57	-44.1174
2925	116.54	157.57	391	139.76	132.07	-282.659
2281	143.4	166.43	391	122.58	191.93	-14.6398
2280	129.15	175.22	506	150.66	157.57	-16.2475
2135	157.71	191.93	614	116.54	157.57	-26.5558
2185	125.8	175.22	535	154.22	175.22	-17.1723
1256	116.54	166.43	572	157.71	148.78	-169.975
1530	143.4	220.78	1092	113.75	175.22	-186.858
3027	136.15	157.57	479	125.8	191.93	-248.04
2009	164.36	140.24	382	132.61	157.57	-204.923
1525	129.15	157.57	1314	161.09	132.07	-280.941
1441	129.15	204.07	1260	113.75	148.78	-224.559
691	157.71	229.57	2334	113.75	157.57	-50.7465
2195	150.66	183.76	388	119.49	183.76	-12.966
1661	113.75	191.93	750	157.71	148.78	-17.4123
1779	154.22	140.24	665	119.49	191.93	-15.147
2383	164.36	229.57	542	132.61	157.57	-252.307
1951	119.49	183.76	796	154.22	157.57	-15.183
2193	119.49	175.22	723	150.66	175.22	-12.1166
1790	119.49	263.93	2324	113.75	140.24	-127.69
2202	122.58	191.93	543	143.4	157.57	-16.287
5304	150.66	157.57	916	122.58	191.93	98.4634
2164	119.49	191.93	681	147.04	157.57	-16.8286
1883	116.54	175.22	934	157.71	191.93	-15.3614
2332	143.4	157.57	455	129.15	183.76	-17.894
1430	136.15	191.93	627	161.09	166.43	-165.407
2112	122.58	166.43	657	157.71	183.76	-15.5363
2681	147.04	175.22	821	113.75	191.93	-248.339
827	116.54	140.24	870	125.8	175.22	-187.797
1998	116.54	175.22	840	154.22	191.93	-12.8413
2212	125.8	183.76	502	143.4	157.57	-10.4195
2312	125.8	183.76	504	147.04	157.57	-13.8313
2307	129.15	157.57	585	147.04	191.93	-15.6065
2388	147.04	191.93	497	119.49	157.57	-190.817
2235	147.04	183.76	478	125.8	166.43	-13.3911
1718	122.58	166.43	960	150.66	166.43	-202.733
1092	119.49	175.22	719	125.8	157.57	-154.548
1914	161.09	157.57	412	113.75	183.76	-243.684
2404	139.76	175.22	416	125.8	191.93	-11.9656
1879	116.54	183.76	792	157.71	157.57	-14.8875
4000	116.54	175.22	1586	154.22	191.93	139.327
2204	129.15	183.76	574	150.66	157.57	-16.9058
1758	157.71	140.24	945	113.75	183.76	-13.9227
2390	129.15	166.43	555	139.76	183.76	-12.6499
2012	122.58	191.93	669	143.4	140.24	-14.5432
2234	122.58	183.76	539	154.22	183.76	-14.5862
1984	154.22	148.78	720	116.54	183.76	-14.1288
2010	154.22	166.43	713	116.54	191.93	-11.6893
1591	164.36	191.93	845	113.75	175.22	-11.9161
2195	125.8	191.93	508	147.04	148.78	-14.4147
7475	132.61	22.43	838	139.76	348.07	-251.33
2011	122.58	183.76	703	154.22	166.43	-12.5137
1985	116.54	183.76	772	154.22	157.57	-16.6109
2409	129.15	191.93	428	139.76	175.22	-12.0446
865	164.36	255.76	1752	119.49	175.22	-13.7614
2113	129.15	191.93	399	147.04	148.78	-13.9806
2317	125.8	191.93	467	139.76	166.43	-11.7678
2669	119.49	238.43	1752	113.75	132.07	-120.322
1954	132.61	140.24	538	119.49	175.22	-196.147
1596	113.75	183.76	958	157.71	140.24	-16.6204
2052	143.4	157.57	472	129.15	183.76	-7.85281
535	132.61	263.93	4338	113.75	148.78	-155.167
2202	122.58	175.22	580	150.66	191.93	-14.6376
1153	122.58	132.07	127	113.75	175.22	-184.575
1752	116.54	183.76	1039	157.71	157.57	-15.764
1960	154.22	191.93	473	116.54	166.43	-12.7652
1963	143.4	140.24	748	132.61	191.93	-197.761
2671	116.54	175.22	442	143.4	157.57	-206.289
2266	125.8	166.43	536	147.04	191.93	-13.6574
954	132.61	247.22	3297	113.75	140.24	-111.233
2186	122.58	166.43	623	150.66	191.93	-14.4743
2291	154.22	157.57	619	116.54	175.22	-181.601
1651	157.71	140.24	1095	116.54	183.76	-11.6512
1819	116.54	175.22	793	154.22	191.93	-12.3219
1698	116.54	191.93	1149	150.66	132.07	-14.2269
2518	139.76	175.22	236	129.15	148.78	-233.069
5106	136.15	191.93	734	143.4	166.43	113.556
2229	143.4	191.93	365	125.8	166.43	-14.0608
2207	122.58	191.93	665	143.4	157.57	-13.2639
1874	119.49	175.22	614	161.09	157.57	-15.7612
1539	119.49	183.76	540	132.61	140.24	-189.751
2792	113.75	183.76	701	132.61	132.07	-283.536
2201	125.8	166.43	488	150.66	183.76	-16.3841
659	164.36	263.93	2579	116.54	175.22	-210.286
4270	147.04	132.07	1598	132.61	191.93	112.29
2260	132.61	183.76	213	139.76	157.57	-17.6553
2285	143.4	148.78	368	129.15	191.93	-16.4107
2308	139.76	191.93	364	125.8	157.57	-13.2173
5314	157.71	175.22	266	147.04	191.93	118.818
5861	113.75	183.76	771	161.09	166.43	61.7453
